3.8775509171039038, 5.714285646217329, 0.20408174142255592, 6.326530556596958
2.096938697724445, 3.9336734251301206, 0.42346954477165294, 5.545918334944803
2.346938698716813, 3.1836734267002034, 1.6734695439832374, 4.795918335894257
2.9302720456678966, 3.100340118723969, 2.923469533542466, 3.0459183653543835
2.7427720299170266, 2.9128401055001487, 3.235969512590469, 3.108418352951177
3.063580165439445, 3.1839506375367086, 3.2561728545688413, 2.4962963515551415
2.863580163387131, 3.400617303103091, 2.8561728504387234, 2.879629684219233
2.792151594704901, 3.3291887466387227, 3.0704585412526555, 2.80820113273047
2.7296515930848866, 3.2666887723508715, 3.257958482892908, 2.7457011684552435
2.908945639365123, 3.4055653859984334, 3.2958651702566883, 2.389623825049674
2.7889456368500185, 3.535565395126729, 3.055865142358719, 2.6196238394828186
2.743491092277235, 3.490110871351466, 3.1922287355898833, 2.574169324133955
2.701824421649327, 3.448444270267186, 3.317228589458818, 2.5325027480027433
2.6095167262291996, 3.5484442796622875, 3.1326131734281804, 2.709425839982086
2.6130881570588183, 3.552015721925806, 3.050470291797281, 2.784425859164348
2.579754824904853, 3.51868240371741, 3.1504702613170084, 2.7510925471518037
2.582879823543992, 3.521807413871816, 3.0785952330050357, 2.8167175626832894
2.553468060237255, 3.492395664295394, 3.166830497270198, 2.7873058191068285
2.556245836389181, 3.495173451889332, 3.102941579966753, 2.845639167474033
2.529930048815616, 3.4688576781127547, 3.181888918818789, 2.819323399637523
2.504930048544612, 3.4438576964522403, 3.2568888772541555, 2.794323425544526
2.5876888910356044, 3.4382734480931885, 3.4210957993127495, 2.5529422770931567
2.5331433395218546, 3.4973642908211855, 3.312004727894965, 2.6574876771692413
2.535317253249207, 3.499538225745642, 3.262004682181806, 2.7031398816081307
2.607803491294501, 3.4938577215829127, 3.4074910641704235, 2.4908482448593072
2.5598033688447286, 3.545857635628842, 3.3114908644651697, 2.582848173040656
2.6246341111417237, 3.5634890657613183, 3.39379714836589, 2.4180798358140967
2.6042103743215796, 3.5659276600413126, 3.401722818246041, 2.4281392100163646
2.5613532249395288, 3.612356267073522, 3.3160084372226413, 2.510282119089052
2.619460557919875, 3.6283484258080674, 3.3893805953014695, 2.362810602816877
2.6717239151984193, 3.6867844865513506, 3.362631874075544, 2.2788597904394168
2.6539355114718313, 3.6889085658575222, 3.369534628153917, 2.2876213676547463
2.702932432877685, 3.7436924272051, 3.34445766485059, 2.208917546151407
2.6665687891614134, 3.7830864095263856, 3.271730280021434, 2.278614578582264
2.651862909459094, 3.768380633211558, 3.315847718073101, 2.263908840218317
2.63757715707953, 3.754095402209042, 3.3587037742624015, 2.249623787098683
2.6815766979263627, 3.7978781432216566, 3.347581353898367, 2.172963895364993
2.666672896219754, 3.7996578026558456, 3.3533646784716615, 2.1803047127679065
2.652161309357217, 3.801390535006746, 3.3589960264656984, 2.1874522224673445
2.6923639148101084, 3.8463413540770675, 3.338420148075876, 2.12287467278408
2.6785778980863775, 3.8479875678359043, 3.3437696648093933, 2.12966496795394
2.6651281346532576, 3.849593515240969, 3.348988961767511, 2.13628949024337
2.651998603739717, 3.8511612259690877, 3.3540839892933088, 2.1427562861449054
2.6391744108113935, 3.852692478472836, 3.359060527353482, 2.149072691772955
2.6748085408938356, 3.8925352176932955, 3.340822888001686, 2.0918334570315347
2.662554301505669, 3.893998551710057, 3.3455779402760433, 2.097869320448053
2.6505664689852866, 3.895429940236952, 3.350229920409906, 2.1037737876089997
2.6388336967840496, 3.89683087383796, 3.354782921825147, 2.1095526281157335
2.639875344956324, 3.8978727446015378, 3.330824119140782, 2.1314279108592524
2.6728378742947565, 3.9230401528649237, 3.3385605578922295, 2.0655615766136686
2.648837850972972, 3.9490402141512004, 3.290560360239507, 2.111561670258177
2.68184443821612, 3.9585175059296684, 3.331409845164891, 2.0282285495315344
2.711996352422549, 3.992230424392043, 3.315978206661496, 1.979795141634008
2.6971659868952114, 3.9855531594134614, 3.3225774829958623, 1.9947035070871124
2.6749437491807955, 4.009627310912615, 3.278132832105761, 2.0372962126362637
2.665852843352776, 4.000536594771462, 3.3054051774414117, 2.0282055648630326
2.6569241910930734, 3.991609026700868, 3.332188635504266, 2.019278364318261
2.6578013485741, 3.9924863894308293, 3.312012745134044, 2.037699660114208
2.6491805459053634, 3.983867226165361, 3.337871414852072, 2.0290810496922806
2.6400015254657685, 3.9831413386292867, 3.34568442681443, 2.031172878943611
2.630810857819018, 3.984238662110774, 3.34925110336509, 2.035699538536838
2.6316305049656825, 3.985058608845142, 3.3303980139148206, 2.0529130329416665
2.6324369432617516, 3.9858651877332165, 3.311849326464977, 2.06984869574695
2.624500424316765, 3.977929015909981, 3.335658138373278, 2.061912645036368
2.6252816460265134, 3.978710389235145, 3.3176890508884944, 2.078319073707847
2.6175893246988626, 3.9710184595096174, 3.3407651703167685, 2.070627279964362
2.618346870172686, 3.971776168898271, 3.3233405636998388, 2.0865365639673956
2.6108841665748885, 3.964313911401316, 3.3457277071919944, 2.0790744606675498
2.634496547451487, 3.983989420929816, 3.347802058990545, 2.0337121954801765
2.6572197467513505, 4.009396410281106, 3.336172164308551, 1.99721185504124
2.6459910273966405, 4.00434094741639, 3.341168353472182, 2.0084998647671526
2.6680741755693806, 4.029031919910206, 3.3298668323208123, 1.9730272542416007
2.6735611353062643, 4.024230875973499, 3.3281520151399686, 1.9740561409993387
2.662793876941431, 4.019383154089747, 3.3329429370987365, 1.9848802343933465
2.6634695212946564, 4.020059177150565, 3.3174016014934398, 1.9990699028796872
2.6534693786427277, 4.010060974186747, 3.3340642384392325, 2.002405686591244
2.6541272297187195, 4.010719134592342, 3.318931990872114, 2.0162218503570717
2.675244531334716, 4.025182348605287, 3.3273834346687483, 1.9721899854302989
2.665167452236443, 4.020645363605894, 3.3318671859453084, 1.9823202177027661
2.6701682594285625, 4.016269301010224, 3.330305270390062, 1.9832573564620177
2.6551682426046335, 4.03251943566649, 3.300304944775791, 2.0120075467546625
2.655785525979037, 4.033136826359517, 3.28610719289049, 2.0249706573237543
2.656395275786219, 4.033746658895122, 3.2720826251413078, 2.037775644402896
2.656997679650364, 4.034349128829583, 3.2582270599273766, 2.0504263339915094
2.651045310553068, 4.028396847489904, 3.276084033113775, 2.0444740870762663
2.6516335231073773, 4.028985128250023, 3.262554456498516, 2.0568271013288166
2.6458195814730305, 4.0231712765994425, 3.2799961427863416, 2.0510132848279787
2.6400724463109584, 4.01742426121525, 3.297237267674553, 2.0452663145598304
2.640640604016438, 4.017992509142768, 3.284168875350342, 2.057198233923523
2.6412023960211366, 4.018554374043097, 3.2712473696293327, 2.068996083079872
2.635646852200894, 4.01299892525229, 3.2879138518101874, 2.0634406710839794
2.636196279013081, 4.013548427145793, 3.275276309330356, 2.074979213901768
2.630761508140306, 4.008113753662531, 3.2915804679035054, 2.0695445779818886
2.6312991184413095, 4.0086514412335035, 3.279214691844465, 2.0808349843934053
2.6259799812716142, 4.003332403883232, 3.2951719445236627, 2.07551598539912
2.6265062725431663, 4.0038587746137235, 3.2830664918498296, 2.0865687033177966
2.6212979510493883, 3.9986505554548764, 3.298691292714583, 2.081360523337687
2.6161433032050705, 3.99349604657244, 3.3141549171500797, 2.0762060659708093
2.633790127632835, 3.9932631566607517, 3.347152996836383, 2.025795592769577
2.634294737504877, 3.993768312900223, 3.3355352948081944, 2.0364019471416257
2.6292476867006815, 3.9892865199554546, 3.3493577184220094, 2.0321085817124884
