3.8775509171039038, 5.714285646217329, 0.20408174142255592, 6.326530556596958
0.23809536771408543, 5.074829859903668, 1.300085929364421e-08, 6.687074768856019
0.36309536851225976, 4.199829856518075, 1.1250000102401447, 6.312074765388252
0.5297620473850554, 3.699829854947397, 1.9583333405373928, 5.812074763316695
0.47976204841057, 4.274829852044828, 0.6083333402098032, 6.637074760291228
0.07976224005943877, 4.374829784670942, 0.6083332976937397, 6.937074691698
0.08809578980859671, 4.3831630317636066, 0.4166665979868789, 7.112074603759593
0.15952446462442135, 4.168877281671812, 0.7738094380243361, 6.897788852106021
0.009527060615740265, 4.331376397323366, 0.473808608652174, 7.185287965556582
0.04286053549392963, 4.364709670642165, 0.3738085680662221, 7.218621238302834
0.09286065071016783, 4.214709633732883, 0.6238085475140311, 7.068621200390686
0.13831534372688087, 4.078345954387318, 0.851081250354734, 6.932257519049331
0.1799821405042784, 3.953345913894232, 1.0594145568136746, 6.807257476084728
0.21844379836882233, 3.8379612629298325, 1.251722222571561, 6.691872822232712
0.2541581776263654, 3.730818374982694, 1.4302936245349982, 6.584729931436664
0.37082507697672396, 3.7141518520874413, 1.680293767527016, 6.234730072501314
0.38644990186415773, 3.6047766616174863, 1.8209185764009932, 6.187854881503526
0.4158616826178968, 3.516541366498803, 1.967977397514781, 6.0996195857235636
0.5130839551989321, 3.5026525156770654, 2.1763107668011274, 5.807952956598128
0.5157155023691931, 3.5052840493657507, 2.115784403652449, 5.863216068630638
0.5182155131190564, 3.507784046894652, 2.0582843993270847, 5.915716065543382
0.5086917553279412, 3.6173078571480852, 1.8011415399483108, 6.07285892111368
0.4996008790703352, 3.721853298798334, 1.555686982651848, 6.222858906227419
0.5213400651995179, 3.656635918012617, 1.6643826446340104, 6.157641523311326
0.5942570845881548, 3.646219548444693, 1.8206329372378411, 5.93889181764235
0.6042567556577799, 3.576219209202049, 1.9106325967583206, 5.90889147784675
0.6157952233993689, 3.587757667144225, 1.8760172074682437, 5.920429935251369
0.6250544931779081, 3.5229428528808904, 1.9593505398724889, 5.8926521574391835
0.617911689072853, 3.605085717418377, 1.766493401324118, 6.0105093050742315
0.6196358644840142, 3.606809852376936, 1.7268382238291842, 6.046716196279339
0.6046358738818808, 3.691809830028159, 1.5385048691358016, 6.165049505490448
0.5578617140258489, 3.7418098252457876, 1.4530209959301121, 6.247307563300387
0.5656742502845475, 3.687122328677704, 1.5233335005385968, 6.223870064995738
0.5505227590450289, 3.6719708042139017, 1.5687880372540692, 6.208718538826295
0.5358169119511325, 3.6572649183512973, 1.6129056808386812, 6.194012651032231
0.5443883572515935, 3.6658363303145274, 1.5871913788576146, 6.202584061305129
0.5582773160934087, 3.6241696872526425, 1.6566358461051864, 6.160917415772887
0.5650341089816528, 3.5768723763690224, 1.7174466412439633, 6.140647129132951
0.5663499126980531, 3.5781881356014793, 1.6871834517185498, 6.1682786753083905
0.5471191947843337, 3.5589573667313883, 1.7192347320429775, 6.17468892925396
0.5908692474803314, 3.552707409709674, 1.8129847742229708, 6.0434389716710335
0.5616009379916109, 3.58441465975834, 1.75444811912141, 6.099536462913266
0.5496962499821028, 3.572509915890375, 1.7901624192721148, 6.087631716104698
0.5392311196045492, 3.631812187537617, 1.6587670158543035, 6.170189799682439
0.5505948580738325, 3.5977213273592694, 1.7155852445439077, 6.13609893668954
0.5894837774181025, 3.5921657923941748, 1.7989185977312951, 6.019432290074147
0.5905707212336835, 3.5932526864377174, 1.7739185319826278, 6.042258311791112
0.5799324874728029, 3.582614399780516, 1.8058334328186687, 6.031620022260212
0.5809741748762887, 3.5836560358569916, 1.7818750654459725, 6.053494988841958
0.5870966719867303, 3.5897784826396486, 1.7635077132190142, 6.059617432818014
0.5880967011397116, 3.590778463069577, 1.7405076910620847, 6.080617410494829
0.5939791000025164, 3.5966608141500145, 1.722860628126348, 6.086499758844448
0.5853252379253924, 3.645699226734657, 1.6142067329515921, 6.154768938826494
0.6183448959091189, 3.6409829814825025, 1.6849621840111773, 6.055713067849915
0.60445534004991, 3.6270933793245983, 1.7081096169735122, 6.060341981616277
0.6099099193497408, 3.6325479137735144, 1.6917459680170446, 6.0657965135260365
0.6188385707519567, 3.6057622319091873, 1.7363888549249284, 6.039010828885431
0.6100666593411682, 3.5969902717684943, 1.7627046109124271, 6.030238865946319
0.615239096799522, 3.6021626619522458, 1.7471873431016796, 6.035411253388557
0.6025272749211592, 3.5894507906472573, 1.7683737736109808, 6.039648531800431
0.5900273181588149, 3.5769507823936504, 1.7892070949814154, 6.043815187312734
0.6187159148130921, 3.572852484276947, 1.8506825663836592, 5.9577496755342585
0.6066190089224439, 3.560755568161335, 1.8708437136904987, 5.961781791097384
0.6074127706601457, 3.561549279244202, 1.8525898006409984, 5.978448515150777
0.6113189626826313, 3.53420546108583, 1.8877459812999164, 5.966729696391968
0.6190112832958322, 3.5111285408836554, 1.9262075212849428, 5.943652775581337
0.6265870492068266, 3.4884012666555777, 1.9640863061567484, 5.920925500741739
0.6236019665250123, 3.5227296070044294, 1.8834892722034637, 5.970179213622076
0.6309549323586315, 3.5006707983457996, 1.9202539916145827, 5.9481204043462705
0.6316795664266168, 3.5013954227265, 1.9035873103797714, 5.96333778173315
0.6323938600733725, 3.5021097067199785, 1.8871587360272248, 5.978337779391546
0.635915002269187, 3.477461825190475, 1.9188488813182274, 5.9677744042680185
0.6400816720732991, 3.4816284854741935, 1.9063488736390424, 5.971941063918505
0.6407666088374369, 3.482313412761005, 1.8905954435287513, 5.986324620706235
0.6414422922812343, 3.48298908676047, 1.8750549001406265, 6.000513807579804
0.6481089798317073, 3.462989098210635, 1.9083882435929898, 5.980513818376268
0.6487668693867908, 3.463646978454266, 1.8932566488939555, 5.994329592706044
0.6494162277024936, 3.464296327486258, 1.8783215811417229, 6.007965954070962
0.6269803394527345, 3.473911711507606, 1.8815267075549127, 6.0175813374397755
0.6307778175764095, 3.477709179925633, 1.8701343014001515, 6.021378805205683
0.6345279608711805, 3.481459275271935, 1.8588843912084878, 6.025128897307982
0.6561329927405473, 3.4783729402061656, 1.9051807709299216, 5.9603141665682084
0.6597913461127782, 3.482031284445331, 1.8942049675658326, 5.9639725101756875
0.6603937603385505, 3.4826336895815766, 1.880349540172099, 5.976623107449374
0.6574176668234296, 3.5153718373498055, 1.8059448264381737, 6.021266014067307
0.6580059728853138, 3.515960098649311, 1.7924154365394311, 6.03361897814843
0.6492850980536339, 3.507239177710796, 1.8069503250853134, 6.036525961022173
0.6435380320247513, 3.501492064489565, 1.8241917127567633, 6.0307788445951935
0.6492199297441248, 3.484446642221795, 1.8526008304009896, 6.013733419052826
0.6497816885885715, 3.4850083548579334, 1.839679391790335, 6.025531083520797
0.6503372817580759, 3.4855639019885136, 1.8269016006649446, 6.037197738527808
0.6508867696463884, 3.4861133440283885, 1.8142642248514294, 6.048736188313671
0.6563216724668882, 3.4698090698551827, 1.8414382061559573, 6.032431910783898
0.6568592635237385, 3.4703466154839497, 1.8290725209478522, 6.043722141288216
0.6573912153927631, 3.47087852209503, 1.816838465329051, 6.054892342466449
0.6552859506198581, 3.4950890029946984, 1.7599963111755161, 6.0896291359885035
0.6558068534946984, 3.4956098616397644, 1.7480171665370874, 6.100566658082688
0.6609616170772276, 3.4801460228883854, 1.773790437191925, 6.0851028159510525
0.6431044342181751, 3.487798997841019, 1.7763413674449502, 6.092755787619053
0.6607813349575689, 3.4852738692872056, 1.8142202783447128, 6.039725607905472
0.6462812159217224, 3.5007737045613863, 1.7877201095715662, 6.065225439997637
