3.8775509171039038, 5.714285646217329, 0.20408174142255592, 6.326530556596958
0.23809536771408543, 5.074829859903668, 1.300085929364421e-08, 6.687074768856019
0.488095391092907, 3.3248298526241546, 2.2499999999455342, 5.937074759987975
0.7280953996965084, 3.5648298495316855, 1.5299999972100182, 6.17707475593337
0.7142604193381106, 3.5798178834246577, 1.502329936526353, 6.203592003006701
0.711954588382126, 3.60633506620767, 1.4400721654639685, 6.241638398951646
0.7202878787639526, 3.6146683438919727, 1.248405445846199, 6.416638342215255
0.7631450311333134, 3.6575254838671882, 1.1198340186309756, 6.459495481061609
0.7381450321392693, 3.9450254763935355, 0.4448340257057216, 6.871995472916823
0.7714783676154654, 3.9783588042616724, 0.34483403923259776, 6.9053288001551625
0.7214783721581918, 3.9283588000531444, 0.4948340476912596, 6.855328795269933
0.7669329422085309, 3.7919951644238084, 0.7221067971541832, 6.718965157499507
0.8085996344841662, 3.6669951606531277, 0.9304401442499995, 6.593965150701939
0.7701381133838945, 3.6285336090588007, 1.0458247593076755, 6.555503596122147
0.8058524345671276, 3.521390753550903, 1.2243961983349432, 6.4483607368710105
0.9225191970678563, 3.5047241670372378, 1.4743962795793009, 6.098360815120386
0.938144111430503, 3.3953490666589157, 1.6150211783010802, 6.051485712728359
0.9675559114971004, 3.3071137860437405, 1.76208001087426, 5.963250428786991
1.0647781512503953, 3.293224910738384, 1.9704133559414074, 5.6715837750675195
1.0016202157015766, 3.361645918576308, 1.8440975205424948, 5.792636361291321
1.0041202198496415, 3.3641459188240614, 1.7865975198745183, 5.845136360973286
0.994596432733279, 3.473669734917238, 1.5294546695539062, 6.002279222524999
0.9741418797983997, 3.5895788137164297, 1.272636476951761, 6.163642846197471
0.9524027937479616, 3.567839706682854, 1.337853896010475, 6.141903736594669
1.0253196801493547, 3.557423242484546, 1.4941040994938248, 5.923153936878048
0.9953194731970779, 3.5274230220999976, 1.5441038792176776, 5.933153714817869
1.0068579459446814, 3.5389614815018486, 1.5094884930227352, 5.9446921725321555
1.0161172280412356, 3.47414667434179, 1.5928218332999993, 5.916914400344146
0.9732600821818412, 3.5205752281301637, 1.5071075305711308, 5.999057238018742
0.9749842352474312, 3.5222993666992104, 1.4674523599556684, 6.035264133364789
0.9599842205250972, 3.6072993472096364, 1.279119008442821, 6.153597446637067
0.9132100692278032, 3.6572993649112813, 1.193635163779251, 6.235855526175484
0.9210226093229817, 3.602611880336992, 1.2639476859943777, 6.212418038752339
0.9058710998413056, 3.58746034980023, 1.3094022207629334, 6.197266505828217
0.8911652261210794, 3.572754457550269, 1.353519861202842, 6.1825606115149965
0.8768795232464678, 3.558468737076269, 1.3963770002574274, 6.168274889116241
0.890768432923333, 3.516802074668927, 1.4658214502204054, 6.12660822481303
0.897525194958846, 3.4695047670218617, 1.526632251039873, 6.1063379423083255
0.898840988848021, 3.4708205447104077, 1.4963690821282114, 6.133969507491858
0.8796102364447526, 3.451589775943053, 1.5284203649783394, 6.140379762394011
0.9233607687128792, 3.445340280756652, 1.6221708681936846, 6.009130263801421
0.8940919699952539, 3.477047076151203, 1.5636337610690099, 6.065227301270834
0.8821872555848683, 3.465142339922643, 1.5993480717627624, 6.053322562532185
0.8484663101300866, 3.5011888186702436, 1.5377201322441223, 6.112624853342024
0.8598300129546053, 3.4670979523973426, 1.594538356280424, 6.07853398443507
0.8987194982793273, 3.4615429630072785, 1.6778722529521288, 5.961867880482487
0.899805879015504, 3.462629320447507, 1.6528716521225222, 5.984693365669225
0.8891676251474981, 3.451991040765213, 1.6847865614265012, 5.974055083049248
0.8641676101125823, 3.4790743360818035, 1.63478652218559, 6.021971709214347
0.8702900946570264, 3.485196797175059, 1.6164191864063828, 6.028094167751224
0.8712901009024945, 3.4861967820861754, 1.5934191708020822, 6.049094150311652
0.8771724761246694, 3.49207913656959, 1.575772113286286, 6.0549765024922895
0.8685186173263806, 3.541117568097487, 1.4671182384372101, 6.123245701385908
0.9015381286219362, 3.536401204071369, 1.5378735730518027, 6.0241897118451115
0.8876486596869543, 3.5225117153586627, 1.5610211214094705, 6.028818739506558
0.8931032158767097, 3.5279662532565426, 1.5446574777527209, 6.034273275407109
0.902031851226029, 3.50118057995411, 1.589300375342295, 6.007487599521913
0.893259925341874, 3.492408630250009, 1.615616143912939, 5.998715647165978
0.8984323429153573, 3.497581025450466, 1.6000988832354521, 6.003888039858897
0.8857205031365163, 3.484869161676959, 1.6212853234263664, 6.008125325960867
0.8523871747712104, 3.4932024753862194, 1.6212853028027283, 6.033125303758916
0.8810757913941948, 3.4891042013528484, 1.682760798776441, 5.9470598160350825
0.8689789805365342, 3.477007362803574, 1.7029220219263697, 5.9510920068207405
0.8697726412167632, 3.4778009965815118, 1.6846680342548837, 5.967758653605734
0.8736789501641405, 3.450457277384382, 1.7198243117523875, 5.956039931320012
0.8813713072737952, 3.427380375243546, 1.7582858669037214, 5.932963025968411
0.8889470923362819, 3.4046531016979023, 1.7961646488393415, 5.910235749145611
0.8710365977156059, 3.424056011704795, 1.7603436740990337, 5.944564029139567
0.8783896373436015, 3.4019972577144872, 1.797108444387635, 5.9225052718388405
0.8791142420062468, 3.4027218341469085, 1.7804417117766889, 5.937722598635702
0.8798285512954301, 3.403436115418381, 1.7640131315566459, 5.952722590933018
0.8833497402267925, 3.3787882618459455, 1.795703300996628, 5.942159241005564
0.8875164075263845, 3.382954901219692, 1.7832032688443007, 5.946325877022353
0.8882013498813834, 3.3836398159582224, 1.7674498229125255, 5.960709418553533
0.8888770486003119, 3.384315487269957, 1.751909273831697, 5.974898600035916
0.8955438046347405, 3.3643155486950698, 1.7852426635286078, 5.954898657970434
0.8962016594139324, 3.36497337624878, 1.7701110127551294, 5.968714376836472
0.8968510329471265, 3.365622722740143, 1.7551759393352413, 5.982350732890498
0.8712100251164894, 3.372032968652623, 1.7551759246031984, 6.001581488200985
0.8750075379022326, 3.375830453185391, 1.7437835316870849, 6.005378969300566
0.87875756148691, 3.3795804488387127, 1.732533523549151, 6.009128961542856
0.9003625939278564, 3.3764941178327366, 1.7788299076324363, 5.944314234803569
0.904021068619225, 3.380152565427649, 1.767854204273651, 5.947972679025937
0.9046234866102403, 3.380754956622827, 1.753998759848168, 5.960623259635668
0.8992663288443483, 3.4111120592090574, 1.6867368121361703, 6.002885121018159
0.8998546162291169, 3.411700320860324, 1.6732074242651243, 6.015238085378602
0.8911337265505106, 3.4029794044379114, 1.6877423189875143, 6.018145072655187
0.885386645667194, 3.397232295926522, 1.7049837130071996, 6.012397960782936
0.8910685292273027, 3.3801868786559575, 1.7333928372426517, 5.995352540023635
0.8826415305979319, 3.371759851935031, 1.7474377164643882, 5.998161464892611
0.8743082233633312, 3.3634265160286, 1.7613265983087516, 6.000939236580974
0.8748576806720486, 3.363975945006371, 1.7486892099238456, 6.012477673053796
0.8802925691231407, 3.3476716740181818, 1.7758631948677843, 5.996173398417889
0.8808301485811114, 3.348209225314091, 1.7634975158008708, 6.00746363432482
0.8813620871870654, 3.348741135901214, 1.7512634646432177, 6.018633839222559
0.876625227129612, 3.3755831964979506, 1.6917897329093181, 6.056002212279448
0.8771461182640657, 3.3761040605105226, 1.6798105942490509, 6.066939739561408
0.8823008671198973, 3.3606402243175264, 1.705583868053428, 6.051475899751161
0.8644436730730903, 3.368293205872104, 1.708134805499365, 6.059128877807139
0.8821205707696956, 3.3657680776463144, 1.7460137168312415, 6.0060986983642755
0.8676204401614823, 3.3812679188962593, 1.7195135546221456, 6.031598536221228
