3.8775509171039038, 5.714285646217329, 0.20408174142255592, 6.326530556596958
2.096938697724445, 3.9336734251301206, 0.42346954477165294, 5.545918334944803
2.102703341668274, 3.916379637962313, 0.45229263149880566, 5.528624547428532
2.122879704179457, 3.9134975692483303, 0.49552743711809366, 5.468096403098785
2.1286440684732586, 3.8962035025715034, 0.5243502410347438, 5.450802336112523
2.1862902372729422, 3.9307912403353846, 0.6050548493929376, 5.381627138138341
2.2436827061943116, 3.6548503755875092, 0.995780653652086, 5.10568627315176
2.4936827817626197, 3.6191361665228383, 1.5314950128565696, 4.355686349989932
2.712432772840582, 3.58788616099626, 2.0002449958853976, 3.6994363461533455
2.9068772269969565, 3.560108400440297, 2.4169116557499324, 3.11610303416001
2.83187714898856, 3.4851083235418345, 2.541911575202245, 3.141102957817048
2.7864226089955992, 3.4396537889780237, 2.6782752044477256, 3.095648425840519
2.7447559417658782, 3.3979871274798517, 2.8032751906075117, 3.0539817669468245
2.68706363561482, 3.3402948300828146, 2.899429017979109, 3.073212550209974
2.6334922078603964, 3.2867234129360092, 2.9887147085307157, 3.0910697087832673
2.6001588746420254, 3.2533900912886744, 3.0887146823510165, 3.057736391657925
2.603283874003518, 3.256515101477204, 3.0168396565809927, 3.1233614061076076
2.573872110469439, 3.2271033492905588, 3.1050749259892134, 3.09394965826666
2.5766498876658837, 3.229881137459834, 3.0411860109883846, 3.1522830062091494
2.5503340993211023, 3.2035653602449043, 3.120133355073872, 3.125967233180354
2.5253340993558377, 3.1785653739604185, 3.19513332439191, 3.100967251933917
2.60866755466286, 3.1666608240585368, 3.373704690404049, 2.850967495105064
2.6109401495450117, 3.1689334540988146, 3.321431757363345, 2.8986946830520517
2.6131140610663874, 3.171107388785146, 3.271431706689194, 2.9443468869526264
2.6852833167593624, 3.168913299441922, 3.4089943145473938, 2.7368094620070917
2.6372832265237545, 3.22091324638824, 3.312994146944486, 2.8288094222695754
2.7021139363760738, 3.2385450339040722, 3.3952996205298667, 2.6640415707706326
2.6816901993817344, 3.2409836285356124, 3.4032252907319904, 2.674100944126679
2.638833049897839, 3.2874122361601286, 3.317510909482544, 2.7562438529403117
2.696940382855745, 3.303404395877796, 3.3908830673043164, 2.608772336353035
2.7492037400056724, 3.361840456763175, 3.3641343468557765, 2.524821522804431
2.731415336185755, 3.3639645368552937, 3.371037100568434, 2.533583099669899
2.7804122575565584, 3.418748398711678, 3.3459601375574755, 2.4548792774205195
2.74404861377246, 3.458142381582956, 3.2732327525900278, 2.5245763094671054
2.72934273401741, 3.4434366060057373, 3.317350190341475, 2.5098705707980145
2.71505698150592, 3.4291513762304877, 3.3602062452453487, 2.4955855178246362
2.759056522378024, 3.4729341172669503, 3.3490838263620755, 2.4189256246122435
2.7441527205941805, 3.474713777479641, 3.3548671506184387, 2.426266441568743
2.7296411336778292, 3.4764465105410967, 3.3604984985184636, 2.433413950716624
2.769843739118498, 3.5213973301597443, 3.339922620414599, 2.3688364002506335
2.7560577223323, 3.5230435447387065, 3.3452721367824356, 2.3756266949825466
2.74260795885818, 3.5246494928750307, 3.350491433632393, 2.3822512167020715
2.7294784279007036, 3.526217204337927, 3.3555864610500086, 2.3887180120332188
2.7166542349257408, 3.527748457579783, 3.36056299900235, 2.395034417090406
2.7522883650082166, 3.5675911973545107, 3.342325359978826, 2.337795181523795
2.740034125558004, 3.5690545322423612, 3.3470804118089292, 2.343831044517289
2.728046293002967, 3.5704859215240767, 3.351732391827724, 2.3497355110856724
2.7163135207646656, 3.571886855883326, 3.356285393127428, 2.355514350999891
2.691313507007004, 3.5989702568110555, 3.3062852126074973, 2.403431115058928
2.725669232349137, 3.6088130889911345, 3.3488503922181985, 2.316667612814689
2.7016691679722102, 3.6348131101481536, 3.3008501526679432, 2.3626676653526517
2.7346757715645524, 3.6442902279957368, 3.3417000358997226, 2.2793343053849657
2.764827685633656, 3.6780031454912376, 3.3262684000825145, 2.230900894608612
2.7544231389414517, 3.6792456516205028, 3.3303055919997377, 2.23602575570973
2.7322009008715886, 3.703319803624345, 3.2858609400484546, 2.278618460741245
2.7231099950925413, 3.694229088838334, 3.3131332839638676, 2.2695278132814938
2.71418134256016, 3.685301525129191, 3.3399167338502376, 2.260600616878481
2.6931286773353285, 3.708108598007438, 3.297811254648111, 2.3009515823172313
2.6845079939086856, 3.6994880793334657, 3.323672995343109, 2.2923311221789047
2.6760333803895673, 3.6910139959123334, 3.3490956210384866, 2.2838572195250304
2.667311352238462, 3.686956271229949, 3.3643783130811333, 2.2813542670531524
2.6476391924407094, 3.7082678286988275, 3.325033795762076, 2.31905930738906
2.648445644163566, 3.7090743591589757, 3.3064852463576355, 2.335994899655314
2.6405091406241845, 3.7011379779690383, 3.330294524553172, 2.328058562763651
2.641290371662519, 3.701919291637539, 3.312325585289063, 2.344464907281993
2.63359806827321, 3.6942271163846003, 3.3354022510033556, 2.3367727782452836
2.6343556243732076, 3.694984759086818, 3.3179778105823745, 2.3526819682734743
2.6268929420604348, 3.6875222111219155, 3.3403656003662796, 2.34521946858729
2.6516015701636126, 3.695139799586449, 3.3698445360814175, 2.283414558453762
2.6743247328638033, 3.7205464749534247, 3.358215160393694, 2.24691380996072
2.666446996770502, 3.721487345720216, 3.3612716330422883, 2.250794220790456
2.6885301319632537, 3.7461784585971634, 3.34996979302163, 2.2153218001724357
2.710306538843802, 3.7705268816791127, 3.3388243841018967, 2.1803423814296012
2.70275254370174, 3.771429107480485, 3.3417552014360723, 2.184063352343997
2.6865363038069257, 3.788996790213691, 3.3093224626387117, 2.215144598770824
2.679869641718587, 3.7823304130177946, 3.3293218917378193, 2.2084783209457277
2.6640801333806974, 3.7994357304327515, 3.2977427268062636, 2.238741566525162
2.686774961508308, 3.796547036245475, 3.3456305718243247, 2.1710479767076687
2.6797052945007622, 3.7973893295754344, 3.348378003477013, 2.1745275951473753
2.6995521670939695, 3.819580017906653, 3.338220782951344, 2.1426472396926037
2.684552145355706, 3.8358301485557003, 3.308220451240865, 2.1713974253314543
2.685169428790341, 3.8364475400663447, 3.2940226985322063, 2.1843605360299962
2.685779178637741, 3.8370573733254023, 3.2799981300833085, 2.19716552313258
2.686381582530112, 3.837659843899353, 3.2661425642873003, 2.2098162126639482
2.680429213526385, 3.8317075633683517, 3.2839995367893566, 2.203863965835999
2.6810174260330655, 3.832295844707396, 3.2704699594930355, 2.2162169799703038
2.6752034844866377, 3.8264819938677843, 3.2879116450790495, 2.2104031635616215
2.6694563493179313, 3.8207349793076983, 3.3051527689609324, 2.2046561934266187
2.670024506977141, 3.82130322790474, 3.292084375801164, 2.216588112764855
2.6705862990150555, 3.821865093494119, 3.27916286943594, 2.228385961912242
2.6650307552726065, 3.8163096455212284, 3.2958293508780567, 2.2228305500217598
2.665580182040596, 3.816859148038618, 3.283191807658422, 2.23436909276537
2.6601454112422456, 3.811424475378603, 3.299495965475992, 2.2289344569593768
2.6606830214983805, 3.811962163584118, 3.287130188659969, 2.240224863307594
2.6553638844010203, 3.8066431270645893, 3.303087440565809, 2.2349058644382467
2.655890175625796, 3.8071694984380824, 3.2909819871180326, 2.2459585823024657
2.65068185420378, 3.8019612801203038, 3.3066067871904776, 2.240750402461388
2.6455272063696844, 3.7968067721946834, 3.3220704104340713, 2.2355959453839906
2.663174026422068, 3.7965739528783344, 3.3550683368919816, 2.1851855661641686
2.651052383245249, 3.8097050350133084, 3.3308250757366835, 2.208417729367155
2.6460523891440952, 3.8047054507657667, 3.3458242554311837, 2.203418286556729
