3.8775509171039038, 5.714285646217329, 0.20408174142255592, 6.326530556596958
0.23809536771408543, 5.074829859903668, 1.300085929364421e-08, 6.687074768856019
0.240977605163913, 5.05465356737523, 0.02594156203733375, 6.678427690752396
0.24674218967355036, 5.03735962334085, 0.05476494267283649, 6.661133746086629
0.24962446786822876, 5.0171833768838034, 0.08070585959899369, 6.652486714049868
0.25250678759806877, 4.99700717118441, 0.10664674568678725, 6.643839722745676
0.12750671408219377, 4.872007049571759, 0.31497997484571716, 6.685506267606673
0.1989353604597578, 4.6577213121795005, 0.6721228300743465, 6.471220529545532
0.20518545038060557, 4.663971268876621, 0.5283728285680312, 6.602470485192487
0.23851887214603404, 4.697304556920633, 0.4283728479001068, 6.635803772005171
0.28851891190109613, 4.547304535469454, 0.6783728458235534, 6.485803749826649
0.3112462669417725, 4.3882136028847665, 0.8829183001290231, 6.417621906607362
0.35291299667426, 4.2632135821685475, 1.0912516259754763, 6.292621884424851
0.31445152389293607, 4.224752015331143, 1.2066362227866545, 6.254160316133841
0.3501658980339327, 4.117609143616314, 1.3852076435494305, 6.14701744256078
0.46683276181735334, 4.100942609702562, 1.6352077769246252, 5.797017574142951
0.4824576482118158, 3.9915674407900883, 1.7758326061410479, 5.750142404074703
0.5118694059023843, 3.9033321267632144, 1.9228914086864934, 5.661907089753455
0.5396471944798673, 3.819998791672016, 2.06178029411055, 5.578573754352434
0.5422787800552545, 3.822630365043279, 2.0012539713011153, 5.6338369063449845
0.5447787893331724, 3.825130362580755, 1.9437539676498048, 5.686336903546511
0.5352550158252456, 3.9346541714074608, 1.68661110930841, 5.8434797589330785
0.5261641046277911, 4.039199613355018, 1.4411565520605238, 5.993479746034177
0.5479032863440018, 3.9739822392853417, 1.5498522226784988, 5.928262370915228
0.6208202931554487, 3.9635658616369716, 1.706102510305465, 5.709512658431059
0.6308200435917289, 3.8935655660205817, 1.7961022115813947, 5.679512361341578
0.6423585289447293, 3.9051040092809854, 1.7614868063679021, 5.691050803221668
0.6516177658412292, 3.8402891644476775, 1.8448201089611616, 5.663272995154201
0.6444749378198097, 3.92243202378119, 1.65196296806828, 5.781130139242165
0.6461991011998562, 3.9241561610214792, 1.6123077952000924, 5.817337034134671
0.6311991327888961, 4.009156152999806, 1.4239744577997209, 5.935670358015854
0.5844249901077976, 4.05915614907855, 1.3384905902436603, 6.017928416805901
0.5922375148214514, 4.0044686411925685, 1.40880308562503, 5.994490907777857
0.5770860215736469, 3.989317115612304, 1.4542576231397595, 5.9793393810990025
0.5623801645661917, 3.974611225554387, 1.498375264359755, 5.9646334899519085
0.5709516139861859, 3.9831826422600485, 1.4726609690103751, 5.973204905559979
0.584840538283131, 3.9415159805834543, 1.542105419635333, 5.931538242816028
0.5915973246265127, 3.894218677095793, 1.6029162247180853, 5.9112679650315405
0.5929131194171781, 3.8955344419784974, 1.5726530429853083, 5.938899518253279
0.5736823861203648, 3.8763036735602756, 1.6047043262624447, 5.945309774167712
0.6174329652781445, 3.870054198961447, 1.6984548501735097, 5.814060297579631
0.5881641548252587, 3.9017609626416716, 1.6399177113720331, 5.870157303912974
0.5762594608088762, 3.8898562219917534, 1.6756320176687278, 5.858252561668265
0.5483524771986338, 3.9200887376695954, 1.619818022010512, 5.9117408901468815
0.5597162071425423, 3.885997871938092, 1.6766362464990436, 5.877650022727897
0.598605129403851, 3.8804423400499255, 1.7599696030285692, 5.760983379407216
0.5996920696908774, 3.881529232822578, 1.734969537412625, 5.783809401001048
0.5890538343991698, 3.870890946265108, 1.7668844397808074, 5.773171112742188
0.5900955192948549, 3.871932581997873, 1.7429260734802972, 5.795046080137696
0.5962180137330493, 3.878055028266109, 1.7245587221409777, 5.80116852474745
0.5972180398735152, 3.8790550083196247, 1.7015587009766047, 5.822168503179219
0.6031004355602406, 3.8849373588740197, 1.6839116388663002, 5.828050852125795
0.5944465710838261, 3.933975772455661, 1.5752577455145298, 5.896320033898555
0.6274662045750731, 3.929259504623905, 1.646013175558824, 5.7972641416183786
0.6135766673380747, 3.9153699238158914, 1.6691606311907659, 5.801893077836744
0.6190312432575509, 3.9208244578581963, 1.6527969831132745, 5.807347610428649
0.6279598934748641, 3.894038776563338, 1.697439871992736, 5.780561927504153
0.6191879811673983, 3.8852668171945295, 1.7237556301649855, 5.771789966490894
0.6243604163615607, 3.8904392070419456, 1.7082383634100007, 5.776962354736642
0.6116485929477319, 3.877727335945432, 1.7294247955430024, 5.781199634513465
0.5991486347052823, 3.865227327810159, 1.750258118463528, 5.785366291315026
0.6278372327833934, 3.861129031196065, 1.8117335916375683, 5.699300781265143
0.6157404392271354, 3.8490321874237483, 1.8318948083568545, 5.703332968057442
0.6165341176073746, 3.8498258161728556, 1.8136408144176457, 5.719999610972977
0.6204404422187769, 3.8224820906199395, 1.8487970844057764, 5.70828088363941
0.6281328136491222, 3.799405181576898, 1.8872586315958573, 5.685203972791654
0.6357086121892783, 3.7766779010273948, 1.9251374055627186, 5.662476690431232
0.6327234958750046, 3.811006169392606, 1.8445402964197395, 5.711730330138744
0.6364000655488601, 3.7852709257512074, 1.8776285770348167, 5.700700966986969
0.6371247073563793, 3.785995519431501, 1.8609618615708639, 5.715918312414641
0.6378390316253817, 3.7867097958017495, 1.8445332763287476, 5.730918301173532
0.6413602348927329, 3.762061936890947, 1.8762234403877647, 5.720354947345997
0.6455269163767554, 3.766228570976248, 1.863723402873652, 5.724521579483991
0.6462118731732829, 3.766913480686034, 1.8479699518108188, 5.738905117367338
0.6468875865722521, 3.7675891472221235, 1.832429397833166, 5.753094295434615
0.6535543569756302, 3.747589203826779, 1.8657627826738596, 5.733094350004663
0.654212225034172, 3.7482470255679274, 1.8506311260025052, 5.746910064455414
0.6548616129469997, 3.7488963673559295, 1.8356960477754325, 5.7605464171844885
0.6292206200867984, 3.75530660785426, 1.8356960275170853, 5.779777168445569
0.6330181485093817, 3.759104087804753, 1.824303629904928, 5.78357464633178
0.6336431727785139, 3.759729064064163, 1.8099286023270729, 5.79669962052096
0.6552482210402405, 3.756642745187069, 1.8562249985495187, 5.731884906191926
0.6589067097763789, 3.7603011878271486, 1.8452492902166246, 5.735543346844179
0.6595091417436213, 3.760903574032765, 1.8313938407579626, 5.748193923822252
0.6541519990741875, 3.7912606726328386, 1.7641318889044506, 5.790455782403941
0.6547403021479202, 3.791848930836255, 1.7506024974412777, 5.80280874452514
0.6460194270382741, 3.783128009313369, 1.7651373869434646, 5.805715727960292
0.640272360944491, 3.7773808955210773, 1.7823787755898415, 5.799968612116776
0.6459542590729322, 3.7603354728705454, 1.810787894403748, 5.7829231873630045
0.6375272733877985, 3.751908438942304, 1.8248327663828205, 5.785732106393411
0.6380828500423875, 3.752463967792326, 1.8120549579723266, 5.797398744253163
0.6386323386305012, 3.7530134087980733, 1.7994175821198153, 5.8089371941338666
0.6440672423386644, 3.736709133620119, 1.8265915634384335, 5.792632916766219
0.64460483426466, 3.7372466783463807, 1.8142258783305365, 5.803923147509214
0.645136786838829, 3.7377785839199946, 1.801991822676926, 5.815093348787177
0.643031522337698, 3.7619890636511415, 1.7451496683259857, 5.849830142228069
0.6435524255705901, 3.762509921158892, 1.7331705235296555, 5.86076766428051
0.6487071898396416, 3.7470460813689193, 1.7589437941649586, 5.845303822256449
0.6282989718622147, 3.752148019653269, 1.7589436888160837, 5.860609840004453
0.6459758887650342, 3.749622906836466, 1.7968226156620783, 5.807579676251506
0.6314757702136397, 3.7651227407818038, 1.770322446595687, 5.833079508106288
