3.8775509171039038, 5.714285646217329, 0.20408174142255592, 6.326530556596958
0.571428552640277, 4.908163264198232, 1.0816553583115126e-08, 6.520408174269459
1.4464285580486143, 4.783163267551688, 1.8750000131639526, 3.8954081782691805
1.196428556414154, 4.533163263704723, 2.291666674134511, 3.9787415082458932
0.8964285572896622, 4.858163262895086, 1.6916666732983308, 4.553741507561867
0.9064285662865462, 4.868163261894687, 1.461666673804509, 4.763741507136141
0.8230952383580225, 4.78482992667174, 1.711666671753063, 4.680408172317883
0.8588095287953506, 4.534829925631314, 2.0330952407903906, 4.573265314490713
0.7088095365766747, 4.697329922920547, 1.733095237835256, 4.860765312134153
0.7643650996341462, 4.530663256252989, 2.010873014281281, 4.694098645798455
0.5643651049682503, 4.580663252318925, 2.0108730093718465, 4.8440986420983885
0.43254693236676817, 4.721572339945453, 1.7699639150270385, 5.075916820805868
0.45338027902649997, 4.575739005592235, 1.9574639131072997, 5.013416819989833
0.2995341388319056, 4.61420053765543, 1.9574639060123178, 5.128801429126877
0.32096272528332287, 4.635629105341787, 1.8931781874675726, 5.150229996959845
0.35429607829991544, 4.535629103743096, 2.059844851199169, 5.05022999556996
0.38554609371207665, 4.441879099882377, 2.2160948453640326, 4.956479991943832
0.3414284624948704, 4.397761445997401, 2.2896242480237987, 4.971185867697412
0.34420625740032995, 4.400539218242949, 2.2257353515521503, 5.029519195692759
0.33367995397706524, 4.521591843176383, 1.9415248178567515, 5.203203399681618
0.3361799702967461, 4.524091840016692, 1.8840248141280116, 5.255703396612215
0.3480847516421623, 4.440758504818148, 1.9911676683257409, 5.219989109128678
0.3594484046350884, 4.361213046003416, 2.0934403898143596, 5.18589819585999
0.36162233150802037, 4.363386952150261, 2.043440381591204, 5.23155036294496
0.3637056804553807, 4.365470280865505, 1.9955237091791775, 5.275300358373414
0.31570569558164874, 4.41747027419451, 1.8995237018433242, 5.36730035172422
0.32724427470844647, 4.429008744865865, 1.8649083235235429, 5.378838822495051
0.31983689363529705, 4.514193889190334, 1.664908283312709, 5.501061003841791
0.3216226623073768, 4.515979592756874, 1.6238368451421248, 5.538560993067157
0.3233468501756844, 4.517703715049532, 1.5841816587141186, 5.574767873884978
0.32501356659318503, 4.519370365809587, 1.5458483116001058, 5.6097678578446475
0.3411426730628147, 4.470983272595504, 1.6264934776406268, 5.561380764487668
0.34895523951934804, 4.416295755336775, 1.696805960582721, 5.537943247022654
0.364106844297693, 4.370841207215975, 1.772563532410931, 5.492488698677672
0.37145985158217826, 4.319370590854962, 1.8387399722215099, 5.470429846751675
0.37288847327611185, 4.32079912291723, 1.805882788044682, 5.500429807069755
0.379833011262438, 4.272188012021436, 1.8683827849139136, 5.479596473579099
0.39334660998438126, 4.231647465629637, 1.935950341860839, 5.439055926824356
0.4393992794410586, 4.225068539467727, 2.0346345721859587, 5.300898053277461
0.4458094522742234, 4.180196645499623, 2.092326779218544, 5.281667184929328
0.4533094620619434, 4.187696639916264, 2.0698267721355617, 5.289167179322551
0.4594070373425906, 4.145013712590663, 2.1247048187345623, 5.270874495871408
0.4653594296751823, 4.103347042984092, 2.1782762424995803, 5.25301735004208
0.4723361828795202, 4.110323781888727, 2.1573460028354603, 5.259994088911766
0.4552907403029814, 4.093278324471494, 2.185755088966264, 5.265675904181019
0.456401861982691, 4.094389431132997, 2.1601995271190875, 5.289009233011923
0.461836660055423, 4.0563459541177505, 2.2091125698836493, 5.272704886376114
0.45758134607107986, 4.105282114107562, 2.094218940996379, 5.342917642032965
0.44195636336991384, 4.0896571158155695, 2.1202606076856325, 5.348125976992967
0.44297678235818894, 4.090677519097667, 2.096791213432155, 5.369554543448171
0.4439767948520674, 4.091677515897837, 2.0737912086958543, 5.390554540146267
0.44887877250706365, 4.057363792154396, 2.1179088558269283, 5.375848659435118
0.4392633993141605, 4.047748403524633, 2.146755003894211, 5.366233270703341
0.4402068040601017, 4.048691792592232, 2.1250568818093507, 5.386044584186133
0.4494660833270053, 4.0209140200987274, 2.1713531815561296, 5.358266811586287
0.4585570034716181, 3.9936412898184113, 2.2168077220348654, 5.330994081204677
0.4639141512785311, 3.998998423449226, 2.2007362822793226, 5.336351214730486
0.4428615282170595, 4.02180543397591, 2.1586310102552693, 5.3767020847882705
0.4394132636962775, 4.061460601707251, 2.065527555769453, 5.43359863169669
0.42670141832261055, 4.048748740066871, 2.086713997644092, 5.437835922463018
0.40670142751864163, 4.070415398389532, 2.0467139878698544, 5.476169247306415
0.4075211159965856, 4.0712350694531265, 2.027861526430962, 5.493382360840205
0.3954243582822831, 4.059138293760627, 2.0480228138347627, 5.49741461724867
0.3962180209756417, 4.059931938441354, 2.0297688381080814, 5.514081277637394
0.3930930305721476, 4.095869429840416, 1.945393828470769, 5.565643768862213
0.3815545909396119, 4.084330971334814, 1.9646245996279892, 5.569489925561921
0.38231217889071917, 4.085088540480584, 1.9472003495507868, 5.585399009673554
0.3897748913929751, 4.0627004882682805, 1.9845137886806643, 5.563010957275612
0.39345137175286415, 4.0369651857889846, 2.017602014292403, 5.551981536959635
0.4006977670369714, 4.015226056197802, 2.0538338977382162, 5.530242407180824
0.4049834860315906, 4.019511757743582, 2.0409767407273915, 5.5345281085378115
0.39442012013627076, 4.008948373878782, 2.0585823694751193, 5.538049231522412
0.39511457617049583, 4.009642811906346, 2.042610139415479, 5.552632558238936
0.39237485929253985, 4.041149652093782, 1.9686375264028473, 5.597838028354664
0.3896722929622013, 4.072230778088137, 1.895664594069248, 5.642432666793633
0.41300575806641654, 4.068897560001454, 1.9456647082960619, 5.572432781858446
0.41366348641097794, 4.06955527126482, 1.9305329448748005, 5.586248387664662
0.4110662112667272, 4.099425443709614, 1.8604031137410262, 5.629105572108136
0.43350224702894286, 4.096220438107142, 1.908480158525486, 5.561798002232149
0.43097053727631124, 4.125334218398233, 1.8401255812090647, 5.603570009480793
0.4159706106068028, 4.141584209411391, 1.8101255696956071, 5.632319999589151
0.41658797589785035, 4.142201492405911, 1.7959280356104534, 5.645282960665527
0.4226856757548668, 4.1239088645216935, 1.826415892543105, 5.626990331817435
0.41726394136473693, 4.154631629842864, 1.7583434756751999, 5.669761288995365
0.41785927217394625, 4.155226881184985, 1.7446530115007781, 5.682261301294158
0.4237417657395173, 4.137579880701866, 1.774064832631236, 5.6646142998125395
0.42955578640684394, 4.120138005501737, 1.8031345827858631, 5.647172423601979
0.4496707798972275, 4.117264477969787, 1.8462380660705384, 5.5868276315246375
0.45535262566542745, 4.100218973708829, 1.874647103186449, 5.569782126352763
0.4609706644569449, 4.083365026196285, 1.902736971232926, 5.552928177930721
0.46652628005762053, 4.066698344615514, 1.9305147288624107, 5.536261495444091
0.48575709382750204, 4.063951122782253, 1.971723549824623, 5.4785692185144415
0.4884742863509071, 4.0449291709504855, 1.9961798575687426, 5.470416831740671
0.47557105836155383, 4.0589076490294556, 1.9703733882284882, 5.495147997828047
0.4808902389983658, 4.042950219636197, 1.996969149023419, 5.479190568270465
0.4756270843462703, 4.037687050628792, 2.0127586102480963, 5.473927399101061
0.4761479210846095, 4.038207873054808, 2.00077943137332, 5.4848648880272695
0.47666339642954386, 4.038723334082242, 1.9889237571206937, 5.495689627233861
0.47462271690220054, 4.0621927865233065, 1.9338217757539646, 5.529363160420291
0.462501576722059, 4.075324097018861, 1.9095793441424644, 5.552595480108134
0.4650017118510552, 4.0578241570554905, 1.9320793989137406, 5.545095539205669
