3.8775509171039038, 5.714285646217329, 0.20408174142255592, 6.326530556596958
0.571428552640277, 4.908163264198232, 1.0816553583115126e-08, 6.520408174269459
1.288228573393681, 4.805763276634972, 1.5360000241338958, 4.370008187943237
1.2911110145498272, 4.785587272793887, 1.5619408815135785, 4.3613614013886455
1.3411108631376607, 4.835587087503483, 0.4119408433656022, 5.411361216677239
0.5911109038016622, 4.085587073047643, 1.6619408287410988, 5.661361201057391
0.6411109173798549, 4.135587070378749, 1.5119408270960042, 5.711361198003478
0.6768252333140835, 3.8855870698495174, 1.8333693951188266, 5.604218339327638
0.5268252426754813, 4.048087058418481, 1.5333693845752787, 5.891718327361502
0.7212697095770342, 4.020309296322551, 1.9500360658879163, 5.30838500961472
0.7462696999978496, 3.8453092787081413, 2.1750360459834885, 5.233384991848533
0.7235424351707638, 4.095309274912562, 1.6068542242050923, 5.574294078678234
0.869375796138954, 4.074475964099902, 1.919354245735567, 5.1367941011740985
0.8886065488995252, 3.939860556930471, 2.0924311442637094, 5.079101770878097
0.8921779809773831, 3.943431983220521, 2.0102882832508833, 5.154101768512241
0.9255113220075372, 3.8434319854136643, 2.176954949754056, 5.054101770631924
0.8942613261108692, 3.8121819837803295, 2.270704945415451, 5.022851768937148
0.8501436839713367, 3.7680643355229826, 2.344234353028802, 5.037557650013914
0.8390325765111392, 3.895842110487711, 2.044234348485876, 5.220890980403688
0.8285062841037169, 4.016894745831156, 1.7600238242545025, 5.39457519421523
0.8310063073936488, 4.019394747363782, 1.702523824675604, 5.447075195146039
0.8429110610889419, 3.936061400705003, 1.8096666678545503, 5.411360895946286
0.8542747046261758, 3.856515947062624, 1.9119393947899146, 5.377269987538852
0.8651442755992412, 3.7804289900841677, 2.0097654796033524, 5.344661291188358
0.8776442793748471, 3.7929289877865, 1.972265475766305, 5.357161288647805
0.8696443114568712, 3.8849289958942843, 1.7562654814194372, 5.489161295752921
0.8811828074654275, 3.896467466126985, 1.7216501033998406, 5.500699764884032
0.873775395850661, 3.9816526285127694, 1.5216500818097232, 5.622921963495912
0.8755611286207139, 3.983438343506624, 1.4805786556518483, 5.660421963389689
0.8686645638994152, 4.0627486695003805, 1.2943717417282425, 5.774215047735662
0.8786646279366993, 4.072748701955387, 1.2643717830907777, 5.784215078715713
0.9351164586298353, 4.064684386222409, 1.3853397287113172, 5.614860439667616
0.9898040635816339, 4.0568719704738125, 1.5025273148426745, 5.450798023180328
1.0428344808528718, 4.049296303763998, 1.6161637689740878, 5.291707204330392
1.050187055871819, 3.99782532906582, 1.6823398514151935, 5.269647993739427
1.051615623527586, 3.999253878442809, 1.6494826855456952, 5.299647971098843
1.0585601078707767, 3.9506427865821356, 1.7119827023759302, 5.278814656291526
1.105857432198416, 3.9438860532347615, 1.8133340762816723, 5.136922787721376
1.1519100663202249, 3.9373071051973163, 1.9120182849442364, 4.998764892282764
1.1583202501468262, 3.8924352347915696, 1.969710515777127, 4.9795340474822005
1.1658202510516218, 3.899935232738369, 1.947210512454029, 4.987034045390929
1.1475275710586743, 3.881642549724246, 1.9776983158866595, 4.993131606235307
1.0939561436824095, 3.899499690390141, 1.9717459314149663, 5.034798270658416
1.0660491695687606, 3.9297322475579795, 1.915931975827692, 5.088286641716122
1.0205946284614968, 3.9410958843782353, 1.91593197518704, 5.122377551193603
1.0217057435574697, 3.94220699559936, 1.8903764187315406, 5.145710884558069
1.0271405331240726, 3.9041635205294933, 1.9392894642314236, 5.129406539839791
1.0228852109070643, 3.9530996838370602, 1.8243958395239686, 5.199619298796609
1.028093554172492, 3.916641356633364, 1.8712708447014654, 5.183994304824765
1.0291139618147875, 3.9176617604706228, 1.8478014517436265, 5.205422871817765
1.0301139650519584, 3.9186617599204814, 1.8248014503953358, 5.226422871150889
1.0644278046631506, 3.9137599093646953, 1.8983309712318006, 5.123481804819723
1.0788508112819575, 3.9281829125058674, 1.9512155115961816, 5.041750961761734
1.0514922847591457, 3.9574281558870217, 1.9012154709032574, 5.089864129616732
1.0838998111905347, 3.952798641636668, 1.9706600293562877, 4.992642022754795
1.0929906162058138, 3.9255258070722543, 2.016114466127105, 4.965369188176577
1.0840620443080091, 3.91659723193211, 2.042900175233455, 4.9564406130250225
1.0796760759071107, 3.9648428389782695, 1.933251044264931, 5.022230079693437
1.0762278034206805, 4.0044980112382, 1.8401475949895227, 5.079126631225285
1.0804651025831291, 3.974837001843855, 1.8782831947870648, 5.066414774331406
1.0762984301236131, 4.0206703259128265, 1.7741165182468448, 5.12891476501501
1.0812165629072652, 4.025588437871027, 1.7593624956635727, 5.133832876653945
1.1094424320932026, 4.0215562387505255, 1.819846424680796, 5.049155516215332
1.1134105554072327, 3.9937783270242786, 1.855560575532472, 5.037250620334436
1.1102855494501496, 4.0297158177779835, 1.771185565672539, 5.088813111051019
1.1141317151685444, 4.002792749414863, 1.8058009580981922, 5.077274658031299
1.1148892885243682, 4.003550319483175, 1.788376709297897, 5.093183743204236
1.141008844352937, 3.9998191254696374, 1.8443470068125511, 5.014825683497136
1.1299792878915438, 3.9887895658164187, 1.8627292109201756, 5.018502006174012
1.1336024825593398, 3.9634272500960175, 1.8953379086361697, 5.0076324440511755
1.1378881961642446, 3.9677129605722445, 1.8824807609525454, 5.011918154500778
1.127324818933758, 3.9571495801707086, 1.9000863935655412, 5.015439281111482
1.1106581507115538, 3.9752051308696004, 1.8667530544206021, 5.0473837206625225
1.107918425865361, 4.006711978044745, 1.7927804488448527, 5.0925891979295015
1.1045401202784224, 4.043874193582563, 1.7083210404389773, 5.143264926672649
1.1278735757108866, 4.040540978546799, 1.758321158051852, 5.073265044935007
1.1285313997770459, 4.041198783348198, 1.7431894859997963, 5.0870807442643855
1.1259339828765382, 4.071068880483583, 1.67305958152798, 5.129937854147028
1.1483700054582255, 4.067863873715593, 1.7211366254998492, 5.062630283253045
1.1458382517475636, 4.096977672005158, 1.652782068156483, 5.104402309238353
1.1433382569416721, 4.125727661150284, 1.5852820574478044, 5.145652298211786
1.1285234589711917, 4.141777045053198, 1.5556524297002898, 5.174047360941919
1.1346211207572612, 4.123484444883412, 1.5861403174973896, 5.155754760561606
1.1316089716846387, 4.156616861688656, 1.5108390005492722, 5.20093536997029
1.126251831506031, 4.186973996210563, 1.4435770893703672, 5.243197266232171
1.1468410787860743, 4.184033812912382, 1.487695731948182, 5.181433553339946
1.1526541475118477, 4.166591052096848, 1.5167646004392998, 5.163990792376106
1.1727691493078236, 4.163717544718381, 1.5598681046871417, 5.103646020617611
1.1784509506487897, 4.146672056192895, 1.588277161668845, 5.086600532036109
1.1840689490534544, 4.129818127043816, 1.6163670521794895, 5.069746602836825
1.1896245244482866, 4.113151462619305, 1.6441448310038065, 5.05307993836902
1.2088553384996157, 4.110404251269754, 1.6853536631883623, 4.995387672089312
1.211572681164366, 4.091382446346575, 1.7098101164591153, 4.987235432446245
1.2121102843846132, 4.091920032746103, 1.6974444746781003, 4.9985257070539015
1.2147699212675485, 4.073303056804251, 1.721380687262673, 4.990547029009088
1.2200329424568028, 4.057513443568141, 1.7476963365864666, 4.9747574157788135
1.2179496833987613, 4.081471834787388, 1.6914463922233405, 5.009132473657613
1.2184651935373556, 4.081987328353726, 1.6795907497346356, 5.01995724554342
1.2164243527088205, 4.105456675871591, 1.624488667870567, 5.0536306746301936
1.2144041551208986, 4.128688988868768, 1.569943203372814, 5.086963997639747
1.2169042525897142, 4.1111890701770895, 1.5924432845031977, 5.079464078837427
