3.8775509171039038, 5.714285646217329, 0.20408174142255592, 6.326530556596958
0.571428552640277, 4.908163264198232, 1.0816553583115126e-08, 6.520408174269459
1.6914285568161036, 4.748163267451336, 2.4000000106853205, 3.1604081787447966
2.0830770837869847e-07, 5.145306053477872, 2.2971427785707563, 4.557550971229828
0.02560039631322656, 5.170905987371732, 1.7083427127335402, 5.0951509053982695
0.026178173892733702, 5.171482179086457, 1.695083848376738, 5.107256313885772
0.10951143526531902, 4.921482035230823, 2.111750369978668, 4.857256170432198
0.14522577287709887, 4.671482019730112, 2.4331789228850775, 4.750113298314222
1.2684373604100863e-06, 4.832390186183992, 2.131587088126625, 5.036021465070968
0.05555696549215451, 4.665723477480525, 2.409364821030181, 4.869354756821644
0.03555713712667062, 4.895723416359431, 1.8693647595726912, 5.199354695945714
0.04010272216666084, 4.900268827996563, 1.764819262166157, 5.294809198663389
0.06093615859326341, 4.754435463176405, 1.9523192299973455, 5.232309167372353
0.08016701689479276, 4.6198200508790865, 2.125396123863571, 5.17461683221633
0.10159565217665607, 4.641248600121974, 2.061110386185619, 5.19604538165639
0.13492903745361698, 4.541248586929409, 2.227777037742855, 5.096045368690073
0.16617907532255344, 4.447498575200181, 2.384027023567798, 5.002295357203436
0.12206148091206626, 4.403380909318273, 2.4575564137085184, 5.017001220973098
0.12483931281086887, 4.406158669552756, 2.393667504655004, 5.075334536972439
0.11431305405037492, 4.527211280837809, 2.1094569565947605, 5.249018727345351
0.11681311234686845, 4.529711264140786, 2.051956938675763, 5.301518710761081
0.12871792830900036, 4.446377916904488, 2.1590997802509033, 5.265804411250553
0.1400816111441594, 4.366832447869104, 2.2613724909903237, 5.231713487769057
0.14225556926506122, 4.369006344030806, 2.211372472188505, 5.277365644877944
0.14433894886762683, 4.371089662887821, 2.163455789315747, 5.32111563045577
0.13633899021734747, 4.463089646284975, 1.9474557719388343, 5.453115613868228
0.1478774956314831, 4.474628097586997, 1.9128403764223925, 5.464654065183071
0.1404702264849244, 4.559813249443967, 1.712840343473691, 5.586876254039612
0.14225606864266355, 4.561598928598208, 1.6717688806180238, 5.624376218830586
0.14398033198020516, 4.563323026404115, 1.6321136694419809, 5.66058307513707
0.14564712296042492, 4.5649896525244875, 1.5937802974288184, 5.695583034431112
0.202099301257809, 4.556925503724962, 1.7147484071494683, 5.526228563082952
0.20991154510855226, 4.502237576372236, 1.7850604788401767, 5.502790635727306
0.22506320547930642, 4.456783006161805, 1.8608180272910928, 5.457336065536343
0.2324161093111689, 4.405312347330678, 1.9269944265021854, 5.435277171408812
0.23384469647136785, 4.406740907080719, 1.8941372714182776, 5.465277159717795
0.24078917120234675, 4.3581297940360555, 1.9566372685693754, 5.444443824429539
0.25430271072454147, 4.31758924914257, 2.024204830601163, 5.403903279519347
0.30035545384676665, 4.311010387762604, 2.122889125523101, 5.265745470813995
0.30676563464322026, 4.266138493298232, 2.1805813318699068, 5.246514602028154
0.31426565080426716, 4.273638485748111, 2.158081322616301, 5.254014594513642
0.320363231713405, 4.230955556368686, 2.2129593669860346, 5.235721909067559
0.3263156293826094, 4.189288884885539, 2.266530788719152, 5.217864761420901
0.3332923880890609, 4.196265622120074, 2.245600547214808, 5.22484149868051
0.3162469512900984, 4.179220162750987, 2.274009631234052, 5.23052331205801
0.3173580789926155, 4.180331267539442, 2.248454067340144, 5.253856639076628
0.32279288223946684, 4.142287788540977, 2.2973671079816658, 5.23755229051734
0.31853757492817086, 4.191223946849899, 2.182473477204592, 5.307765044554539
0.302912598506184, 4.175598946295276, 2.208515141453265, 5.3129733773121135
0.30393302411576373, 4.176619347512369, 2.1850457449444702, 5.334401941762701
0.30493304320334585, 4.177619342204011, 2.162045737903239, 5.355401936412373
0.3098350267098084, 4.143305616271062, 2.2061633826767695, 5.340696053572123
0.3156042724696562, 4.1490748390126, 2.188855680530231, 5.3464652762667715
0.31654768522958515, 4.15001822854785, 2.1671575588745995, 5.366276590273449
0.32580696952363536, 4.122240454253445, 2.213453856795679, 5.338498815928016
0.33489789438408357, 4.094967722332239, 2.2589083956160105, 5.31122608396062
0.3402550470121592, 4.1003248544184085, 2.242836954292352, 5.316583215997834
0.3192024295752154, 4.1231318631418095, 2.200731680429983, 5.3569340843092865
0.3157541709903889, 4.1627870289837485, 2.107628224004429, 5.4138306293846
0.30304233166779276, 4.150075165279764, 2.128814663774726, 5.418067918143172
0.3038756820005949, 4.150908491098972, 2.1096479880376715, 5.4355679105405645
0.30469537324079765, 4.151728157838977, 2.090795522137057, 5.452781019807026
0.2925986211119387, 4.139631380235574, 2.1109568074989147, 5.45681327436126
0.29339228955486213, 4.140425023099677, 2.0927028298182266, 5.473479932989745
0.29026730541773127, 4.176362512701687, 2.0083278182228073, 5.5250424224707375
0.27872887204978103, 4.1648240520537625, 2.0275585870888344, 5.528888577082802
0.2794864664149433, 4.1655816191623405, 2.0101343348204255, 5.544797659211131
0.28694918466022434, 4.143193564839743, 2.0474477717008033, 5.522409604759063
0.29062567067901734, 4.117458260417893, 2.0805359952370748, 5.511380182557372
0.29424887857997145, 4.092095935909697, 2.1131446836542014, 5.500510611536555
0.2985346078217438, 4.096381640266374, 2.100287529336578, 5.504796315755785
0.2879712478185405, 4.085818254421138, 2.1178931559898477, 5.508317436811637
0.2886657098675964, 4.086512690533251, 2.1019209238954644, 5.522900761664124
0.28592599946230557, 4.118019528815375, 2.0279483088377805, 5.568106229923397
0.28322331727550876, 4.149100603601978, 1.954975328569577, 5.6127008180565054
0.30655689577019196, 4.145767487606792, 2.004975544548677, 5.542701035235717
0.3072145911732997, 4.14642515859983, 1.9898437407170997, 5.556516600819895
0.30461720172367635, 4.1762952771518, 1.919713858404486, 5.599373732206683
0.32705331049835384, 4.173090338374626, 1.967790969885962, 5.532066229203636
0.32452162848498406, 4.202204112146109, 1.8994363852706384, 5.573838230151857
0.30952173062927046, 4.218454094710511, 1.8694363645199574, 5.602588212022686
0.31013912448874487, 4.219071369132051, 1.8552388210724093, 5.615551164736568
0.3131880422374661, 4.197729922818251, 1.8826778588905997, 5.606404839621862
0.31077841624591174, 4.225440662665908, 1.8176175121252724, 5.64616377148948
0.3113737737275975, 4.226035903490477, 1.8039270366277433, 5.658663773438744
0.31725629496782126, 4.208388894536795, 1.8333388484771282, 5.641016763678387
0.3230703407722322, 4.190947009679885, 1.8624085881787866, 5.623574878012415
0.3431853361470814, 4.188073478145556, 1.905512067317294, 5.563230081975396
0.3488672045897129, 4.17102796685322, 1.9339210966632925, 5.546184569991149
0.3544850307843896, 4.1541738620309125, 1.9620108109930925, 5.529330465032041
0.3600406023752797, 4.137507190942235, 1.9897885831679296, 5.51266379380804
0.3792716379856838, 4.134760182807186, 2.0309976174674844, 5.4549717306011445
0.38198878811692677, 4.115738183797, 2.055453877911546, 5.446819296695376
0.379838249400457, 4.14046934655266, 1.997389340539202, 5.482303147502104
0.3851574359193915, 4.1245119185718435, 2.023985102731142, 5.46634571940076
0.3798942846375705, 4.119248748390477, 2.0397745627673496, 5.461082549100963
0.38041512477365086, 4.1197695696718615, 2.0277953827316244, 5.472020036925873
0.38093060353087366, 4.120285029568161, 2.015939707330575, 5.482844775044592
0.37888979501947395, 4.143754406115496, 1.9608376542381925, 5.516518233089729
0.3667687623084626, 4.156885799378047, 1.9365953052662843, 5.539750635754004
0.36926869239143595, 4.139385709580846, 1.9590952143961848, 5.532250545812505
