3.8775509171039038, 5.714285646217329, 0.20408174142255592, 6.326530556596958
0.571428552640277, 4.908163264198232, 1.0816553583115126e-08, 6.520408174269459
0.5916055155834408, 4.905281748354352, 0.04323613775035103, 6.459880582359013
0.5973691879364946, 4.88798695679895, 0.07205853249049671, 6.442585790212681
0.5887221981035183, 4.879339936019409, 0.0864701847093883, 6.445467983939546
0.5916044999078242, 4.859163773975688, 0.11241108561960117, 6.43682103633763
0.6749377436857569, 4.609163671669936, 0.5290776653132527, 6.186820933739281
0.7106520315248551, 4.359163667509931, 0.8505062364497876, 6.0796780722397195
0.616902036951141, 4.265413664889776, 1.0067562367627247, 6.1109280693779295
0.6724576342202031, 4.0987470019543455, 1.2845340255264237, 5.944261405090172
0.6974576255985796, 3.923746986564447, 1.509534010543301, 5.86926138940587
0.7020030869527634, 3.928292438976885, 1.4049885549320031, 5.964715932304104
0.8478365980101065, 3.9074592521722034, 1.7174886992571883, 5.527216077559438
0.6939903240962264, 3.9459206393812227, 1.7174885466970593, 5.642600540673167
0.7154189149752033, 3.96734920559805, 1.6532028268998284, 5.664029106048985
0.7487522448371183, 3.867349196181762, 1.8198694835129277, 5.564029096411191
0.7800022529777464, 3.7735991969957774, 1.9761194828173414, 5.470279096929769
0.7358846109253944, 3.7294815468376292, 2.0496488896650424, 5.484984975859656
0.6692179489084351, 3.8017037655674266, 1.9163155517724744, 5.612762749847039
0.6060600996759938, 3.8701248233002428, 1.7899997649165618, 5.7338153851870794
0.6085601276460796, 3.8726248165241826, 1.7324997567539167, 5.786315377189453
0.620464885140972, 3.789291469341401, 1.8396425992262728, 5.750601077260685
0.6318285303237936, 3.7097460137723797, 1.9419153241612537, 5.716510166729806
0.5992198423404362, 3.6771373150326463, 1.9962631456176567, 5.727379728417357
0.611719850700762, 3.689637313059604, 1.9587631422613048, 5.739879726007802
0.563719856522005, 3.7416373084589107, 1.8627631367877486, 5.831879721006268
0.5752583283317254, 3.753175769938116, 1.8281477513469686, 5.8434181820780475
0.5678509558228177, 3.8383609566712593, 1.6281477529485577, 5.96564040454993
0.5696367005529783, 3.840146668906117, 1.5870763228837108, 6.003140401194764
0.5282574178054928, 3.8849742440921036, 1.5043176930354505, 6.082450733585214
0.5382574513680204, 3.8949742415534985, 1.4743176926947008, 6.092450729694171
0.5947094580949331, 3.886910070415948, 1.5952857803863494, 5.923096234121931
0.5712716340715821, 3.863472209882645, 1.6343479198583333, 5.9309083722328815
0.5864232182611655, 3.818017685630495, 1.7101055153344096, 5.88545384611451
0.593776194332714, 3.766547082326573, 1.776281967918459, 5.863395005453115
0.5952047836984471, 3.7679756252739813, 1.743424794409581, 5.893394975004385
0.6021492906852558, 3.7193645264945587, 1.805924803049289, 5.872561651758269
0.6156627609682331, 3.678823932692, 1.8734923163106183, 5.832021057487134
0.6617154953770636, 3.6722450784157066, 1.9721766183821048, 5.693863255390632
0.6681256626466427, 3.627373185401907, 2.0298688262370845, 5.6746323875786935
0.6756256676935453, 3.634873181517743, 2.0073688207290568, 5.682132383252159
0.6573329927093048, 3.6165804972739695, 2.037856622556081, 5.688229942458756
0.6394758579395884, 3.5987233529193605, 2.0676185239824574, 5.694182321452798
0.6464526099924035, 3.6057000955159046, 2.0466882880720676, 5.701159063587999
0.6009980711717299, 3.6170637279324245, 2.046688282376312, 5.735249968260203
0.6021091917412532, 3.6181748379792946, 2.0211327241090222, 5.758583300050035
0.607543987275165, 3.580131362466639, 2.0700457685172915, 5.742278954488952
0.6032886689282179, 3.6290675229743017, 1.9551521403955303, 5.812491710245632
0.5876636830143736, 3.613442526238154, 1.9811938088413121, 5.817700046340592
0.5886840982247604, 3.6144629306420755, 1.9577244159287277, 5.839128613499276
0.5896841069771851, 3.6154629286458433, 1.9347244126248069, 5.860128610986461
0.5945860817069559, 3.5811492065034316, 1.9788420615405422, 5.845422731452776
0.5849707052026946, 3.571533819183092, 2.0076882110860943, 5.835807343603793
0.5859141061170998, 3.572477209239214, 1.9859900901838647, 5.855618657649054
0.6183216672223534, 3.5678477226102423, 2.0554346757141295, 5.758396577892096
0.6274124481122263, 3.540574857612691, 2.1008890815178636, 5.73112371240372
0.6184838804050754, 3.531646280218196, 2.1276747878204194, 5.722195134519297
0.597431250991215, 3.5544532894187557, 2.0855695144176325, 5.76254600285965
0.5939829824332199, 3.5941084584142855, 1.9924660611738951, 5.819442550649021
0.5812711333065528, 3.5813965983791833, 2.0136525046138174, 5.823679842638145
0.5612711379281796, 3.6030632581335458, 1.9736524962505826, 5.8620131685344585
0.5661891847650509, 3.6079812936169207, 1.9588983991965128, 5.866931203495778
0.5540924203607165, 3.5958845175322947, 1.979059686163337, 5.870963459139848
0.5421876683313711, 3.583979753495787, 1.9989009523361518, 5.874931710440215
0.539062671025369, 3.6199172441064293, 1.9145259417466647, 5.926494200515548
0.527524226761467, 3.608378787363444, 1.9337567144957395, 5.930340358612603
0.5282818100370996, 3.609136358214143, 1.9163324659555212, 5.946249444066004
0.535744518124776, 3.5867483077536555, 1.953645906658911, 5.923861393048752
0.5247151077626593, 3.575718884829968, 1.9720282470052026, 5.927537851916789
0.5319615036910357, 3.5539797612067376, 2.0082601362924586, 5.905798727729587
0.536247218732204, 3.5582654640736537, 1.9954029804820386, 5.910084430033137
0.525683848867189, 3.547702081734518, 2.013008610630523, 5.913605554167172
0.5298505254920707, 3.5518687459967944, 2.0005086066732067, 5.917772217860106
0.5271108017008306, 3.583375585085354, 1.926535992445711, 5.962977686516345
0.5244081084509891, 3.6144566633101403, 1.8535630156664042, 6.007572277697189
0.5477416365538932, 3.611123513274484, 1.9035631978311955, 5.93757246046703
0.5319519893061023, 3.628228590662533, 1.8719840636678857, 5.96783543205016
0.5293546967283265, 3.6580987709576873, 1.8018542403599824, 6.010692622708367
0.5517907317724863, 3.654893768883091, 1.8499312886423989, 5.943385056018615
0.5492590022355781, 3.6840075527283678, 1.7815767148833617, 5.985157065218439
0.5342590564016141, 3.700257549421925, 1.751576709072017, 6.013907059449736
0.5348764027218393, 3.7008748382680685, 1.737379180858618, 6.026870024822501
0.5409740849196637, 3.6825822169379507, 1.7678670443151259, 6.008577400857859
0.5355523313894597, 3.7133049880866427, 1.699794633329958, 6.0513483624459
0.536147642393304, 3.713900244569631, 1.686104174339449, 6.063848378442385
0.5567360029811851, 3.710959182150324, 1.7302219350096315, 6.0020837861116
0.5625499693281226, 3.6935172778820595, 1.759291655773454, 5.984641879273805
0.5826649616853568, 3.690643753701412, 1.802395142336237, 5.924297090231373
0.5883467908417365, 3.673598255520769, 1.830804185146447, 5.907251589503388
0.5939648141600203, 3.6567443146531975, 1.8588940594208787, 5.890397646065643
0.5995204146707818, 3.6400776395239447, 1.8866718230542416, 5.873730968350016
0.6187512274248099, 3.6373304204516907, 1.927880646680625, 5.816038693853607
0.6214684164218802, 3.6183084689523324, 1.952336954653629, 5.807886307072246
0.6085651853320457, 3.6322869480020916, 1.9265304861902617, 5.832617473796464
0.6271824956896787, 3.6296276511529233, 1.966424379160839, 5.776766687030312
0.6219190786309173, 3.6243642240949723, 1.9822135821829066, 5.7715032594931
0.6224399121876562, 3.6248850476893564, 1.9702344043269866, 5.782440749272006
0.6229553843738713, 3.6254005099094493, 1.9583787311184686, 5.793265489355755
0.6209145691126061, 3.648869888737827, 1.9032766801915195, 5.826938949330499
0.6087934990875297, 3.66200129262909, 1.8790343413138664, 5.850171360884865
0.6112936172816482, 3.644501358970568, 1.9015344016883116, 5.8426714247166895
