3.8775509171039038, 5.714285646217329, 0.20408174142255592, 6.326530556596958
0.571428552640277, 4.908163264198232, 1.0816553583115126e-08, 6.520408174269459
1.4464285580486143, 4.783163267551688, 1.8750000131639526, 3.8954081782691805
1.196428556414154, 4.533163263704723, 2.291666674134511, 3.9787415082458932
0.8964285572896622, 4.858163262895086, 1.6916666732983308, 4.553741507561867
0.6564285592627298, 5.118163262081286, 1.2116666731920653, 5.013741506838437
0.7064285731603538, 5.168163259330184, 1.06166667701409, 5.063741504652438
0.7421428619820487, 4.918163255932444, 1.3830952461644166, 4.956598644342191
0.5921428772478994, 5.080663250571123, 1.0830952470850064, 5.244098639388865
0.7865874009613399, 5.052885530583666, 1.4997619739325654, 4.660765365130524
0.8115873577008494, 4.8778854681584045, 1.7247619110156032, 4.585765303931802
0.7888600803750072, 5.127885457600087, 1.1565800844340202, 4.92667438455085
0.809693421100039, 4.982052124658061, 1.3440800863584563, 4.8641743852679244
0.828924217305647, 4.847436744923619, 1.517157016528269, 4.80648208352045
0.8324956382328093, 4.8510081595904495, 1.435014146460902, 4.881482069886859
0.8491623301603115, 4.7343414998890445, 1.5850141544041145, 4.83148207766497
0.8804123657008254, 4.640591508276744, 1.7412641613236302, 4.737732087439532
0.8951182265392951, 4.537650305324542, 1.8736170752797834, 4.693614414162068
0.8840071377107677, 4.6654280847156295, 1.573617078122195, 4.876947749950475
0.8734808451097313, 4.7864807117567025, 1.289406555044767, 5.050631956825499
0.8759808687193179, 4.78898070854626, 1.2319065607716353, 5.103131954385806
0.8878856614426469, 4.705647378131397, 1.3390494275562324, 5.067417672384387
0.8992492991097073, 4.626101907245768, 1.4413221412752149, 5.033326747451067
0.9101188749557244, 4.550014945509497, 1.539148224302692, 5.000718047027424
0.9122022166603857, 4.552098270192284, 1.4912315509953873, 5.044468038798805
0.904202205741212, 4.644098253892611, 1.275231536320297, 5.176468022602056
0.9157406732721863, 4.655636716120706, 1.2406161542004974, 5.188006484931212
0.9083333004321833, 4.74082190858071, 1.0406161767982764, 5.310228714830563
0.9101190394485474, 4.742607620697374, 0.9995447626692588, 5.347728713000067
0.903222498924553, 4.8219179463837065, 0.8133378747323078, 5.461521797591063
0.9132225286109292, 4.831917946532721, 0.783337904127598, 5.471521798014509
0.9696744553096295, 4.823853719989113, 0.9043059557242676, 5.302167249369656
1.0243619514734572, 4.816041195613271, 1.0214934455507647, 5.138104725661973
1.0773923484245587, 4.80846550917696, 1.1351298932253562, 4.97901388879881
1.0847449573199857, 4.75699456525292, 1.2013060193402028, 4.956954710700424
1.0861735151521432, 4.758423104560329, 1.1684488540815385, 4.986954679416136
1.0931179971474574, 4.709812009539506, 1.2309488796992483, 4.9661213631419345
1.1066315071050556, 4.6692714515357405, 1.2985164348626892, 4.925580805803259
1.1526843845508783, 4.662692737955123, 1.397200882303437, 4.787423145644679
1.1590943974173191, 4.617820689151837, 1.454892938030254, 4.768192123168666
1.1665943995621382, 4.625320680855452, 1.4323929320085556, 4.775692115561746
1.1726919775444866, 4.5826377602227275, 1.487270988618726, 4.757399439551899
1.1786443841404313, 4.5409711049604695, 1.540842429823046, 4.739542309057429
1.179807158931692, 4.542133868801404, 1.514098218209048, 4.763960887554991
1.1854890195202972, 4.50236116872518, 1.5652346098841885, 4.746915461191266
1.1866001166639815, 4.503472253008658, 1.5396790285996313, 4.7702487684912676
1.1920349408980568, 4.465428800519588, 1.5885920982493342, 4.753944447423708
1.1877795822395925, 4.514364921281057, 1.4736984334226424, 4.824157164480673
1.1929879626992719, 4.4779066216466115, 1.520573468555765, 4.808532198926506
1.1940083519499636, 4.478927000565722, 1.4971040529562543, 4.829960741657845
1.1950083563153053, 4.479926995417792, 1.4741040493688007, 4.850960736988806
1.1999103595815854, 4.445613299034724, 1.518221726977988, 4.836254884417119
1.2047180736989953, 4.41195945967967, 1.5614909653398379, 4.821831815050643
1.2056614533446077, 4.412902826106102, 1.539792823381731, 4.841643106638707
1.238068936147141, 4.40827326874998, 1.6092373400676174, 4.7444209568871125
1.2471598437908915, 4.381000523990821, 1.6546918668828314, 4.7171482131912335
1.2560884322734192, 4.354214810710432, 1.6993347228802904, 4.690362501028034
1.2481936360900407, 4.3989515795380765, 1.600211842568324, 4.752643130367858
1.244745354426468, 4.438606736228016, 1.5071083797895553, 4.809539666922256
1.2489827069659791, 4.408945769662451, 1.5452440243858876, 4.796827853684021
1.2448159885668952, 4.4547790421822935, 1.4410772988402838, 4.859327793324141
1.2456356794945498, 4.455598723991324, 1.4222248516840854, 4.87654091819115
1.249667967224734, 4.427372937152571, 1.458515195770197, 4.864444164089112
1.253636245907199, 4.399595171933792, 1.494229495723379, 4.85253941532107
1.2505112044101179, 4.435532621356209, 1.409854447477326, 4.90410186513229
1.2543573930237204, 4.408609570105787, 1.444469859650849, 4.892563429654022
1.2551149585404544, 4.409367126697681, 1.4270456001314364, 4.908472501759083
1.2625777006460988, 4.386979111388529, 1.4643590793587213, 4.886084486920585
1.2662541771949982, 4.361243810939607, 1.4974473099425196, 4.8750550693411085
1.26987738637566, 4.335881499457761, 1.530056014094597, 4.864185512043508
1.2741630880537158, 4.340167188637462, 1.5171988474201512, 4.868471201743733
1.27768425428446, 4.315519326972512, 1.5488890147127223, 4.857907847693404
1.261017543797393, 4.333574826950038, 1.5155556270340975, 4.8898522370026765
1.2582778041423466, 4.365081653857157, 1.4415830037250497, 4.935057694342777
1.2548994319567204, 4.402243812944231, 1.357123544277256, 4.985733367219584
1.2582328061596006, 4.378910511284049, 1.387123578604308, 4.975733399162745
1.2588906881386397, 4.3795683841743855, 1.3719919806384442, 4.989549167041
1.2562932841281782, 4.409438502367965, 1.3018621031268673, 5.032406298473081
1.2787297903961719, 4.406233972132723, 1.3499396280074332, 4.965099204497013
1.2761975535733279, 4.435347294361445, 1.281584600689974, 5.00687075489151
1.2736975846343201, 4.464097310275997, 1.214084625327501, 5.048120771216253
1.258882795249379, 4.480146701790634, 1.1844550147690576, 5.076515842153685
1.261931606816379, 4.458805256449885, 1.2118940646640632, 5.067369519078427
1.2589195270717932, 4.491937739549101, 1.1365928237343892, 5.112550195279822
1.253562387795923, 4.522294871649327, 1.0693309201479255, 5.154812089556429
1.2741516848270034, 4.519354738978166, 1.1134496247142938, 5.093048427939256
1.279964700820653, 4.501911924850586, 1.142518450017929, 5.075605614244711
1.3000803092168842, 4.499039015062724, 1.1856225597816885, 5.015261440517431
1.3057614298452678, 4.481992851843577, 1.2140309486806056, 4.998215277692945
1.3085703984825063, 4.462329900275588, 1.2393118229378235, 4.9897882815357
1.3141259681685034, 4.445663238579387, 1.2670896103447242, 4.973121620171054
1.3333573966485481, 4.442916634879664, 1.3082990551609128, 4.915429961982639
1.336074121640105, 4.423894221127673, 1.332754905645685, 4.907277113817794
1.336611738069201, 4.424431829337992, 1.3203892915575484, 4.918567410552652
1.339271343127601, 4.405814830397818, 1.344325487292751, 4.910588709836758
1.3445345237984476, 4.390025371279606, 1.3706412941445458, 4.894799251079008
1.3424511386373548, 4.413983644584235, 1.3143912377214961, 4.929174191383636
1.342966625840609, 4.414499123527947, 1.3025355864514618, 4.939998949000874
1.340925810223654, 4.437968501898929, 1.2474335419114784, 4.973672409369563
1.338905639429169, 4.4612008426668215, 1.1928881139961982, 5.00700576069612
1.3414056774533414, 4.443700870378921, 1.2153881481231201, 4.999505788748964
