3.8775509171039038, 5.714285646217329, 0.20408174142255592, 6.326530556596958
2.346938700326913, 4.183673428466927, 0.6734695350566018, 4.79591833891573
2.352703339107152, 4.1663796366371475, 0.7022926092758308, 4.778624547125345
1.5628008304074548, 4.6564771256006185, 9.669838635657061e-09, 5.780722035988307
1.8564021228858598, 4.614534096564066, 0.6291456279689331, 4.8999182070963805
0.832402120498387, 4.870534072302053, 0.6291456306261342, 5.667918182857501
0.8740687906285796, 4.578867403817647, 1.004145631856414, 5.542918181010831
0.9169259429186902, 4.621724543660849, 0.8755742104389675, 5.585775320773361
0.9231759550553273, 4.627974536007942, 0.7318242250753275, 5.71702531285828
0.9509537308713751, 4.433530085105227, 0.9818242216674734, 5.633691972975885
0.9759537335173337, 4.258530083843338, 1.2068242219514556, 5.558691971605589
1.1350447693070702, 4.235802921229592, 1.547733423966162, 5.081419354536689
1.2808780128421604, 4.2149694955972015, 1.860233330725233, 4.643919262414997
1.284724145089198, 4.21881562590645, 1.7717717682265148, 4.7246884697564475
1.4097243136305566, 4.200958641145222, 2.039629060392953, 4.3496886295155335
1.3930575005351518, 4.384291820013143, 1.6229622387016052, 4.599688475852382
1.3805574954745927, 4.528041812796905, 1.2854622325995426, 4.805938468788174
1.3834986964267835, 4.530983001152734, 1.2178151938606423, 4.867703187325267
1.3862764825996612, 4.533760774494706, 1.1539263106427384, 4.926036516897047
1.3231185713286773, 4.602181808048453, 1.0276105046451924, 5.04708912949726
1.3256186001379628, 4.604681821511885, 0.9701105357701093, 5.099589143463727
1.4089521436354353, 4.592777257415236, 1.148682172299945, 4.849589342138865
1.431679233561411, 4.52459524490052, 1.262318348462388, 4.781407330523619
1.4208096334607687, 4.6441604251421715, 0.9905791836781114, 4.944450771771471
1.4416430102566475, 4.581660457310866, 1.094745893655447, 4.881950804687445
1.5116431494403197, 4.571660589648479, 1.2447460307418685, 4.671950937776826
1.523181441876886, 4.5831988800084975, 1.2101304765821985, 4.683489228364236
1.5250333221703505, 4.585050750220975, 1.1675379113862285, 4.722378136640666
1.5428904792435232, 4.531479327994957, 1.2568236374427428, 4.668806715287422
1.5359939179781101, 4.610789652634382, 1.070616733236776, 4.78259979953852
1.552660626173129, 4.5607896827331285, 1.1539501076891638, 4.732599830786379
1.5607251322453433, 4.504338050309017, 1.2265307407167405, 4.708406263841663
1.5529126172684036, 4.590275524753251, 1.0312182291911052, 4.825593739179611
1.560488398981586, 4.537245236590179, 1.0994000727216138, 4.802866482105313
1.5619589819410475, 4.53871580981892, 1.0655765403265811, 4.833748820807345
1.5562446947233874, 4.604430082725849, 0.9112908330891568, 4.928034523044562
1.5631891649133818, 4.555818987269518, 0.9737908643076005, 4.907201206038026
1.564540508420326, 4.557170320226801, 0.9427097823367097, 4.935579566672348
1.5448036754889711, 4.537433476870834, 0.9756045335889048, 4.942158513389375
1.5576242086048886, 4.498971949277069, 1.0397071209408644, 4.903696986372905
1.5638742032567199, 4.455221934931933, 1.095957116941362, 4.884946972572727
1.5650937078007372, 4.456441430079916, 1.0679083310423607, 4.91055671214737
1.5722365753409675, 4.463584288283945, 1.0464797729839874, 4.917699570869566
1.5780505415301203, 4.422886617868191, 1.098805368504371, 4.900257714882488
1.5837323801958827, 4.383113900650873, 1.1499417528236147, 4.88321227095296
1.5737323462384483, 4.439780523608302, 1.024386167180278, 4.962101116566097
1.611776329218692, 4.434346235882596, 1.1059084129127659, 4.847971177339129
1.5809247737713084, 4.467324458302214, 1.049524945595182, 4.902225996058873
1.5871747929951647, 4.473574468373806, 1.0307749684442116, 4.908476006670877
1.5932972471724658, 4.479696913356499, 1.0124076310306143, 4.914598452194231
1.6032972718425886, 4.449696929569759, 1.0624076584002498, 4.8845984689314275
1.604277641253568, 4.450677290109152, 1.039858619574301, 4.905186673121829
1.610046883176072, 4.456446523201228, 1.022550942558461, 4.910955906723051
1.6157072654810318, 4.46210689663417, 1.0055698202275574, 4.916616280665374
1.620336909728315, 4.4296994954827635, 1.0472365048816386, 4.90272739850623
1.6212459871826788, 4.430608564272422, 1.0263274046704045, 4.921818285935635
1.6301745921259585, 4.403822875542788, 1.0709702980356135, 4.8950325976481
1.6310517590178732, 4.404700034116927, 1.0507948367801085, 4.91345361630193
1.6396724964043616, 4.378838004139595, 1.0938983352333196, 4.887591586800299
1.6481470832386464, 4.35341427697838, 1.1362712285145231, 4.862167860148831
1.656480401609774, 4.3284142548672335, 1.1779378804380296, 4.837167838467865
1.661398424959825, 4.333332269803735, 1.1631837733551198, 4.842085853907911
1.6622048787208594, 4.334138714501631, 1.144635389742766, 4.859021331370847
1.6661731433087181, 4.306360940220477, 1.1803496863390275, 4.8471165733556
1.6700793797232742, 4.2790171710656235, 1.2155059223623956, 4.835397804503531
1.6777716920653376, 4.255940247911095, 1.2539674646112553, 4.812320881619692
1.6815595620293524, 4.229425083085915, 1.2880583636014076, 4.8009572321997025
1.6823058199832683, 4.230171336396611, 1.2708941727226342, 4.816628858888346
1.685982307929911, 4.204436055237643, 1.303982423921172, 4.805599460309482
1.6823591133473585, 4.244291114500788, 1.2134027072659712, 4.859947273500216
1.678787698803315, 4.283576834254817, 1.1241170091321058, 4.913518707849577
1.6752665686468813, 4.32230921739686, 1.0360888411438542, 4.966335598268237
1.67596103722356, 4.323003678245216, 1.0201166479201607, 4.980918948212892
1.6766459731021819, 4.323688606305224, 1.0043632330699546, 4.995302506596107
1.6604297505721384, 4.341256159216332, 0.9719308009093403, 5.026383573187429
1.6610964332851483, 4.341922833575939, 0.9565974907775348, 5.040383581024192
1.661754332260622, 4.342580724101127, 0.9414659238820804, 5.0541993664089
1.6650011150626036, 4.3198534728785845, 0.9706867391762581, 5.044459128277704
1.6874377300928736, 4.316649054329023, 1.018764385100848, 4.977152145837757
1.6937661454261186, 4.297661006859936, 1.0504092600455603, 4.958164098567987
1.6943911052016662, 4.298285959306764, 1.0360342242904619, 4.971289051199075
1.715996973650628, 4.295200460926581, 1.082331454912827, 4.906475158111144
1.7166058052973534, 4.295809285703381, 1.068306143845435, 4.919279105094348
1.7172082191096976, 4.296411692574139, 1.054450730394601, 4.931929704973354
1.7178034613386168, 4.297006927788981, 1.040760262846581, 4.944429702312157
1.7007446279750649, 4.315242204563898, 1.0095837879126743, 4.974429685173081
1.7013260426624002, 4.315823611749748, 0.9962117201500544, 4.9866389995191325
1.7214418089743029, 4.312950864877659, 1.039315997075015, 4.926294988563392
1.722009171581532, 4.313518220422671, 1.026247001064745, 4.938225980722304
1.7085260168259988, 4.328124945838921, 0.9992807061524726, 4.964068661430398
1.6951926881585173, 4.342569387130407, 0.9726140509703323, 4.989624214051708
1.6957421569888826, 4.343118848128357, 0.9599767138975385, 5.001162686238639
1.690307403807395, 4.337684087244561, 0.9762810976562566, 4.995727925554121
1.6908450149376397, 4.338221690526497, 0.963915490047733, 5.007018217192536
1.7094629620534763, 4.335563033945489, 1.0038100390523967, 4.951168071533796
1.7073567559822516, 4.35977260944375, 0.9469669989161932, 4.9859039630706
1.6995442958512643, 4.351960141564352, 0.9599878793862621, 4.988508162087852
1.704698981041474, 4.336496262618281, 0.9857611275178934, 4.973044283370669
1.7052091311346946, 4.3370064051202295, 0.9740263864279111, 4.983758507721267
1.7077344204282363, 4.319329666896725, 0.9967537017912996, 4.976182779799092
1.710234421709388, 4.3018296610651, 1.0192537081568258, 4.968682774154489
