3.8775509171039038, 5.714285646217329, 0.20408174142255592, 6.326530556596958
2.096938697724445, 3.9336734251301206, 0.42346954477165294, 5.545918334944803
2.117115111349719, 3.93079140744557, 0.46670440335171226, 5.485390241629476
0.27268289265097206, 4.586359134967254, 6.175572915226052e-09, 7.140957968285594
0.2928597668923995, 4.583477487662872, 0.04323588310530077, 7.080430244198875
0.29862361225566886, 4.5661828352819605, 0.07205838832351313, 7.063135590637795
0.34029021573086987, 4.274516043088, 0.44705830471017244, 6.938135463604677
0.4117188183571563, 4.0602303156372495, 0.8042011642398522, 6.723849734706108
0.41796882730198226, 4.066480302361254, 0.6604511619079437, 6.855099720654485
0.4457466600090187, 3.8720358492427485, 0.9104511723439752, 6.771766375944866
0.47074670276793906, 3.69703583416642, 1.1354511678165178, 6.6967663579402466
0.6298377059155954, 3.6743086265758236, 1.4763603255998259, 6.219493694018086
0.7756711424152809, 3.653475360360281, 1.7888603886516292, 5.78199375878108
0.7987479317448625, 3.6765521289677867, 1.719629463338107, 5.8050705259835444
0.9237479611618487, 3.658695010194669, 1.987486628647113, 5.430070549738517
0.8270812862175924, 3.762028313440153, 1.8108199289925186, 5.600070518483949
0.8145812823950642, 3.905778303210936, 1.4733199193460114, 5.806320507914492
0.8175224639983883, 3.908719478991907, 1.4056728606449898, 5.868085212780044
0.8341891356302473, 3.9253861448682463, 1.3556728609025361, 5.884751878324778
0.8368207191484656, 3.9280177221200776, 1.2951465448740547, 5.940015034145874
0.8393207608374442, 3.9305177336026156, 1.2376465649315784, 5.992515043729358
0.9226542474866076, 3.918613108001439, 1.4162181323735858, 5.742515179010523
0.9453813912665844, 3.8504311460882303, 1.5298543530400757, 5.6743332161473665
0.9345118379363744, 3.9699963500153195, 1.258115216931799, 5.837376679355196
0.9553451964245112, 3.9074963579308606, 1.3622818950828988, 5.774876686121141
1.0253454460760456, 3.897496588265704, 1.5122821268036797, 5.564876915271386
1.0368836709097051, 3.909034800083493, 1.4776664938657076, 5.57641512627749
1.0479947928027138, 3.920145908932804, 1.444333160145815, 5.587526234300441
1.0658519550018979, 3.86657448746756, 1.5336188821213903, 5.533954812019241
1.0244726419232917, 3.9114020565401835, 1.4508602462182831, 5.613265138798178
1.0411393355758598, 3.8614020703417693, 1.5341935939776614, 5.5632651517213345
1.0169457892217566, 3.8372085098903224, 1.5745161626736242, 5.571329654844329
1.0091333009098404, 3.9231460015066233, 1.3792036583987757, 5.688517145136832
1.0621639428954888, 3.9155705647818735, 1.4928403445867076, 5.5294265557961255
1.0636342143849067, 3.9170408239544345, 1.459016487711558, 5.5603085788949596
1.0064913668598576, 3.931326534127561, 1.4590164853100112, 5.603165716830521
1.0203802889552458, 3.8896598861929794, 1.5284609492909549, 5.561499068008974
1.0217316302372264, 3.8910112144649287, 1.4973798462440508, 5.589877422482662
1.001994800956341, 3.8712743723510905, 1.5302745837520695, 5.5964563690267815
1.046867117137363, 3.864864613807344, 1.626428926788477, 5.461841480902625
1.053116667454839, 3.821114143907129, 1.6826784548470801, 5.4430910097431235
1.0543361741815636, 3.82233363187979, 1.6546296487390761, 5.468700740408089
1.0424314495687463, 3.8104288865657048, 1.6903439488472838, 5.456795993782716
1.0540593962142935, 3.775545184055278, 1.7484834985804414, 5.4219122898820515
1.0597411388101476, 3.7357723776689715, 1.7996197823152984, 5.4048667559794525
1.0330745264822598, 3.7646612995365425, 1.7462864785680434, 5.455977898638349
1.0711180688586253, 3.7592265771870035, 1.8278082769806532, 5.34184752387671
1.0551605257398644, 3.7432690304902336, 1.8544039208033412, 5.347166572702387
1.0614105287882873, 3.749519030002057, 1.8356539194082342, 5.353416571992139
1.0675329808563605, 3.7556414785762637, 1.8172865712194808, 5.359539020344642
1.0575329860694245, 3.745641480229116, 1.847286571926871, 5.349539021775438
1.0585133780499574, 3.746621868660101, 1.824737547723816, 5.370127253115202
1.0488980001802894, 3.7370064871780175, 1.8535837037375316, 5.360511871404384
1.0545583787461323, 3.742666862166494, 1.8366025683825236, 5.366172246164142
1.0175213428904302, 3.751926118782223, 1.8366025648489634, 5.393950021065152
1.0184304378441906, 3.7528352099285187, 1.8156934733586478, 5.413040930154589
1.0273590202455432, 3.7260495028564193, 1.8603363367301633, 5.386255222841032
1.0326221755138594, 3.731312654406867, 1.8445468557707263, 5.391518374150547
1.0412428746433062, 3.705450591272123, 1.8876503087924505, 5.365656310774062
1.049717454181456, 3.6800268621854135, 1.9300231886494958, 5.340232581446972
1.0580507906429757, 3.6550268618875053, 1.9716898536615133, 5.315232580911089
1.0629688205308498, 3.659944888347638, 1.9569357476535274, 5.320150607131055
1.0678075334261645, 3.664783597831323, 1.9424196171498713, 5.324989316373662
1.059871031005828, 3.6568470919852816, 1.9662291417068114, 5.317052810288913
1.048152286078054, 3.6451283428642602, 1.9857603908989296, 5.320959060875038
1.0404599849984744, 3.6374360375809767, 2.0088373146267466, 5.313266755302226
1.010156952906436, 3.645011788868246, 2.0088373065812166, 5.335994021443568
1.0109032268415605, 3.6457580582983753, 1.9916731265562013, 5.351665663703388
0.9998738216218305, 3.634728648525399, 2.010055479739229, 5.355342135975198
0.9788593277132491, 3.6571924106433737, 1.971649675027926, 5.392298651397676
0.9724307558081099, 3.6936209774542097, 1.890935383621557, 5.443012932222767
0.9660927309818301, 3.7295364695925177, 1.8113579172250323, 5.493012931132025
0.9667872844303196, 3.73023099802621, 1.795385774563085, 5.507596346795225
0.9674722369874028, 3.7309159256764235, 1.7796323419442026, 5.521979902902166
0.9512560249474873, 3.748483472218242, 1.7471998851648674, 5.553060961293751
0.9519227283080984, 3.7491501503684903, 1.7318665602887553, 5.567060971086937
0.9361332572655436, 3.766255391013163, 1.7002875881493325, 5.5973241048181945
0.9263930517556246, 3.7565151591169594, 1.7165213795805492, 5.600570884180487
0.9488290375073871, 3.7533101141082956, 1.7645983851174227, 5.533263274742687
0.9551581469676492, 3.7343227417870715, 1.7962439196891584, 5.514275900726411
0.9557831024262795, 3.734947671711131, 1.781868845487793, 5.527400828965513
0.9773881431009345, 3.73186134952943, 1.828165238351908, 5.462586111413129
0.977997824508016, 3.732471006265979, 1.8141407438950354, 5.475390888497401
0.9635399961384186, 3.7481336346979726, 1.7852250549055646, 5.503101708096407
0.9671114787413682, 3.751705092119005, 1.7745107940497395, 5.506673163900543
0.9676997203778283, 3.7522933087886825, 1.7609813599674053, 5.519026084825517
0.9711881283171203, 3.7557816918351272, 1.7505162511450763, 5.522514466240745
0.9913031684631488, 3.7529082214495015, 1.7936197913748768, 5.4621697311833355
0.9947121895865181, 3.7563172185050835, 1.7833924205509804, 5.465578726701321
0.9980829966955143, 3.759688001704896, 1.7732800536455384, 5.468949508365321
0.9897496864463937, 3.75135466714451, 1.7871689369832304, 5.47172728335344
0.9902991406665971, 3.751904097228175, 1.7745315498347816, 5.4832657228519155
0.9935600467765365, 3.7551649792463087, 1.764748949727032, 5.486526603290584
0.9806568041435634, 3.7691434328682725, 1.7389424538965732, 5.511257743524653
0.999273969049899, 3.766483997259506, 1.778836208950369, 5.455406818255585
0.9971685735509566, 3.7906943679909126, 1.7219939452623405, 5.490143503318247
0.9976894593272972, 3.7912152302817588, 1.7100148049187711, 5.501081030781685
0.9925348823794591, 3.7860606291106182, 1.7254787574421433, 5.49592642808203
0.9930450656018975, 3.786570788598944, 1.7137440162566144, 5.506640667685065
0.9854693484441249, 3.7789950470949463, 1.7263702919528994, 5.509165934724297
0.9779693707668441, 3.771495044654518, 1.7388702862479075, 5.51166593069903
