3.8775509171039038, 5.714285646217329, 0.20408174142255592, 6.326530556596958
2.346938700326913, 4.183673428466927, 0.6734695350566018, 4.79591833891573
2.596938700284198, 3.433673429009065, 1.9234695335551026, 4.045918339582842
2.5302720231245535, 4.200340084820249, 0.12346956520844941, 5.145918328654915
2.9677720299497463, 4.137840091915561, 1.0609695739830727, 3.8334183361459235
2.85476187035559, 4.624829932240285, 2.1929901120321953e-08, 4.5204081765439
2.896428533510657, 4.333163261948544, 0.37500004630657985, 4.395408173342231
2.824999958737424, 4.261734687093791, 0.5892857716499913, 4.323979598929667
2.8312499529192023, 4.267984681129803, 0.4455357869548797, 4.455229593292344
2.581249948182338, 4.3513180092634896, 0.417758019682813, 4.649674032702764
2.606249948262251, 4.176318009009884, 0.6427580293553107, 4.574674032613063
2.7653408773244026, 4.153590756322687, 0.9836671429814824, 4.097401325707502
2.807007522357131, 4.0285907349312415, 1.1920004559896846, 3.9724013046627684
2.714699827817796, 4.128590732735844, 1.007385071981334, 4.149324379722133
2.839699966375185, 4.110733729755248, 1.2752423573609428, 3.7743245218253363
2.8230331582927977, 4.294066921720994, 0.8585755551853604, 4.024324381066489
2.7480331573745556, 4.375316920597811, 0.7085755635645401, 4.168074380521251
2.677444919263283, 4.45178750556159, 0.567399103971695, 4.303368495423726
2.635778251853536, 4.4101208377143575, 0.636843558187214, 4.317257383593137
2.530515090049603, 4.436436622720411, 0.6368435633086175, 4.396204747915949
2.533015088621729, 4.438936620676481, 0.5793435731422318, 4.448704746232755
2.4973008014657685, 4.403222332944127, 0.638867389849954, 4.460609506428316
2.5200280751621813, 4.335040515316852, 0.7525037601583889, 4.392427689088361
2.5091585026004743, 4.4546057246412465, 0.48076463768208016, 4.555471159592772
2.5299918408380577, 4.392105728942839, 0.5849313204547162, 4.492971164211548
2.5999919033514316, 4.382105791078729, 0.7349313899131084, 4.282971226757525
2.5807610649125934, 4.362874952306682, 0.7926236336960769, 4.263740388356975
2.5363166162604753, 4.4110230957666925, 0.7037347477184686, 4.3489255692200475
2.5541737630581016, 4.357451670783618, 0.7930204709788947, 4.295354144574681
2.512794446334146, 4.4022792501198165, 0.7102618506209197, 4.374664482867933
2.5294611172105226, 4.352279253958184, 0.7935951930038637, 4.32466448701758
2.505267564017764, 4.328085700409759, 0.8339177728811525, 4.332728998266873
2.4974550606723134, 4.414023196483242, 0.6386052781689464, 4.44991649465941
2.474727790029684, 4.3912959252899055, 0.6764840753437723, 4.457492254054783
2.476198375933552, 4.392766510606629, 0.6426605518673035, 4.488374604359503
2.4190555160579774, 4.407052221522829, 0.6426605567452167, 4.531231744095429
2.425999962672293, 4.358441112039736, 0.7051605648738091, 4.510398412614412
2.4273513099844855, 4.359792458774894, 0.6740794865473345, 4.538776786598039
2.40761446748015, 4.340055615723158, 0.706974228761428, 4.545355733218301
2.3947939546252677, 4.327235102357417, 0.745435772021034, 4.532535220039792
2.4010439538639514, 4.28348510115683, 0.8016857751379295, 4.513785219009636
2.4022634626997323, 4.2847046095248835, 0.7736369956811046, 4.539394971448129
2.3903587022363935, 4.272799848625357, 0.8093512865350374, 4.527490210707279
2.396172712711864, 4.232102228934959, 0.8616769429496126, 4.510048405840989
2.3791272417858873, 4.215056755826413, 0.8900860331915275, 4.515730206255208
2.3291272292552025, 4.231723407368842, 0.8845304810637598, 4.554619080782086
2.3671711256597483, 4.22628904093909, 0.9660526496552544, 4.4404890630723575
2.3363196355538087, 4.259267335558615, 0.9096692592421436, 4.4947439543514305
2.3259029894234464, 4.248850687068792, 0.9409192921874862, 4.484327306731964
2.315698905609536, 4.238646600953627, 0.9715315458283124, 4.47412322147547
2.3056989037786613, 4.228646596876374, 1.00153155359524, 4.464123218246106
2.306679282323346, 4.229626973061203, 0.9789825311187905, 4.484711438406088
2.312448519325783, 4.235396207698653, 0.9616748564701597, 4.490480673877714
2.3181088966563466, 4.241056582637036, 0.9446937365994312, 4.496141049654456
2.2810718489390887, 4.250315828528158, 0.9446937381433916, 4.5239188148800125
2.267435494215095, 4.23667947116877, 0.9674210307115232, 4.528464276469363
2.2763640870937665, 4.209893776008111, 1.0120639181958393, 4.501678582047807
2.2772412495694367, 4.210770936023732, 0.9918884590793656, 4.520099602450189
2.2858619684782946, 4.184908894162056, 1.0349919446746476, 4.49423756129403
2.2943365564402907, 4.159485174804356, 1.077364845436767, 4.468813842743071
2.3026698673466623, 4.1344851507688505, 1.1190314947505993, 4.4438138193499555
2.307587890490303, 4.13940317193039, 1.104277393432203, 4.44873184129708
2.308394340390219, 4.140209619637569, 1.0857290125088714, 4.465667322082059
2.2766483053571465, 4.1481461218228715, 1.0857290170513294, 4.489476840939324
2.2649295622947667, 4.136427376496753, 1.1052602804805085, 4.49338309631893
2.257237250856811, 4.128735063179582, 1.1283372046344757, 4.485690783594448
2.2231463310899415, 4.1400986863605915, 1.1245493208852384, 4.51220592260832
2.223892609865602, 4.140844962500661, 1.107385158352757, 4.527877572559785
2.212863198125153, 4.129815548423725, 1.1257675164628043, 4.531554041412721
2.2092399860074994, 4.1696705944374095, 1.0351877907202214, 4.585901841615291
2.2056685604528767, 4.208956308581655, 0.9459020913081608, 4.639473270597057
2.1993305357874426, 4.244871801449033, 0.8663246461572249, 4.6894732710438625
2.1889138981212684, 4.234455160296882, 0.88368580091149, 4.6929455192780365
2.1895988194429576, 4.235140078046461, 0.8679323817313692, 4.707329067643586
2.159193405830294, 4.24527520111478, 0.8645540109170757, 4.7309777046845625
2.159860080054156, 4.2459418714321515, 0.8492207017890884, 4.744977708770624
2.1407811181551484, 4.26633658943264, 0.8143522852896996, 4.7785303219285655
2.144027914365906, 4.24360935566078, 0.8435731241954671, 4.768790101530374
2.1664645957836397, 4.240405007543442, 0.8916508463438217, 4.701483189838534
2.172792935724276, 4.22141688842837, 0.9232956542136979, 4.6824950712040785
2.157792875963776, 4.2376668249458, 0.8932956085244201, 4.711245008197697
2.179398634709613, 4.234581222132961, 0.9395927377125151, 4.646431010926405
2.1702514915738, 4.225434075715703, 0.9548358492961846, 4.64947898700059
2.155793637919265, 4.241096700401172, 0.9259201766099956, 4.677189804990153
2.1415079249000337, 4.256572888293528, 0.8973487630123526, 4.704570755304528
2.1150373420164943, 4.265396418985156, 0.894407605552744, 4.725158992374871
2.106316430892269, 4.256675503844571, 0.9089425210804174, 4.72806598468177
2.1264322271621108, 4.253802790417774, 0.9520468346518332, 4.667722007488004
2.1179086413353962, 4.245279200951579, 0.9662505315582741, 4.670562054920863
2.104425471738211, 4.259885915055719, 0.9392842272002994, 4.6964047246100105
2.079425477813002, 4.26821925031694, 0.9365064667463168, 4.715849171491864
2.06623866067116, 4.2825049562274655, 0.9101328489413317, 4.741123888888415
2.0608039198340418, 4.277070211088854, 0.9264372500075747, 4.735689144236542
2.0479006530138246, 4.2910486600668465, 0.9006307702792717, 4.760420281867104
2.066518647571992, 4.288390054265456, 0.9405253724641751, 4.704570187309413
2.045465049232588, 4.293652240975815, 0.9405244165070181, 4.720358690349427
2.0376525677429926, 4.2858397551084515, 0.9535452784330457, 4.722962871666806
2.032497943564252, 4.280685126611753, 0.9690092202932945, 4.717808243683991
2.0330081208169943, 4.281195299457438, 0.9572745095150849, 4.728522498666093
2.025432376160359, 4.273619550426179, 0.9699007943520924, 4.731047760220287
2.0179323760550494, 4.266119545958519, 0.9824008029730894, 4.7335477562204975
