3.8775509171039038, 5.714285646217329, 0.20408174142255592, 6.326530556596958
2.0820931054999496, 4.547973430096067, 9.625250811128956e-09, 5.369933540341836
2.078249781591998, 4.544130103415891, 8.916068708616906e-07, 5.37761942861865
2.084014265846922, 4.526836154125066, 0.028824485931582124, 5.360325479214861
2.0667180456189147, 4.544127575378573, 8.472660411156679e-06, 5.389146115390033
2.0398192989119113, 4.551816472131107, 1.0418453646336155e-07, 5.40836422713022
1.9842637309993263, 4.496260901274347, 5.8418212614267223e-08, 5.519475322744345
1.6985197736383038, 4.5676597992403085, 8.906956925983614e-05, 5.73373136345721
1.448549464267172, 4.630189485628183, 1.194535801624504e-08, 5.921261049624959
1.4485494443013482, 4.630189461072945, 8.724295756782438e-08, 5.921261024831519
1.3985494320768543, 4.580189444673696, 0.1500001333533293, 5.871261008225785
1.3303676079956122, 4.512007608707311, 0.26363656770646926, 5.8939882625331315
1.3720342758250974, 4.387007600661288, 0.47196992931486886, 5.768988253934486
1.3143419677148898, 4.329315280815225, 0.568123796905824, 5.788219010270507
1.350056245268997, 4.222172412868076, 0.746695219945625, 5.68107614213831
1.4667230635050894, 4.205505887520669, 0.9966953747703358, 5.331076283018009
1.4823479415367622, 4.09613075522709, 1.137320252122784, 5.284201150162261
1.5117597204585813, 4.0078954651966505, 1.2843790856454333, 5.19596585953572
1.6089821181280186, 3.9940067437087494, 1.4927125871238298, 4.904299360192175
1.5326661312647587, 4.075585491808479, 1.3532387044577003, 5.038509687201652
1.5351661334222748, 4.0780854920815255, 1.2957387058138417, 5.091009687418532
1.5256423233149576, 4.187609299221439, 1.03859584860253, 5.248152542109095
1.5142786877371608, 4.312609297818762, 0.7545049433963862, 5.418607086067177
1.5360178630669632, 4.2473919402647065, 0.8632006511928126, 5.353389728008483
1.6089347263810623, 4.236975462024949, 1.0194508519738963, 5.134639916303636
1.6189345279060183, 4.166975255364307, 1.1094506552136614, 5.104639709456432
1.6208576016092138, 4.168898320407479, 1.0652198859383266, 5.145024312697801
1.6301168798156098, 4.104083515687741, 1.1485532391062676, 5.117246544679831
1.6140454112873024, 4.195154902673704, 0.9467674861819672, 5.244032217309777
1.5450799270082012, 4.212396304394725, 0.9467675259575622, 5.295756377198152
1.530079898813267, 4.297396274103097, 0.7584341674674906, 5.414089680144054
1.483305706405961, 4.347396272900033, 0.6729503018130346, 5.496347743350385
1.4911182602509068, 4.292708813876596, 0.7432628737738718, 5.472910283671846
1.46839098193317, 4.269981522579792, 0.7811416710045276, 5.480486021988149
1.4463321622995249, 4.247922689983506, 0.8179063928156867, 5.487838953382008
1.4320464585259085, 4.2336369735519295, 0.860763555308151, 5.4735532362641015
1.4459353621641091, 4.191970310100255, 0.9302080202769876, 5.431886572162682
1.4526921141402933, 4.144672997081127, 0.9910188297593094, 5.411616285497594
1.45400789678249, 4.145988768312831, 0.9607556697858748, 5.439247845461068
1.4604181712697288, 4.101116981041017, 1.01844799812944, 5.420017083092843
1.5041686005326382, 4.094867399147288, 1.1121984277588846, 5.28876750055667
1.4992901112565375, 4.1509645088746545, 0.9804906748733804, 5.369254853545998
1.511194911392263, 4.115250251959998, 1.0400145251014048, 5.333540596050263
1.5053809295007208, 4.179203700563432, 0.8946656681804448, 5.420749857893986
1.5167446091685213, 4.145112824745565, 0.9514838990737331, 5.386658981425444
1.5556338788180015, 4.139557641099241, 1.0348176163172902, 5.26999268620701
1.5567204355387327, 4.140644188503789, 1.0098172206648703, 5.292818363527586
1.5939550054158658, 4.135325556879625, 1.0896049844087878, 5.181116752768644
1.5949961531277348, 4.136366696192668, 1.0656461348175783, 5.202991225037586
1.5960165665202415, 4.137387101066526, 1.04217675574956, 5.224419792762286
1.5970165716673597, 4.138387097572566, 1.0191767651481998, 5.245419788816932
1.5734871579188607, 4.163877282227683, 0.9721179454616329, 5.290517816110337
1.5686794654721778, 4.216761886836405, 0.8519256494323703, 5.362633189370129
1.601698882187577, 4.212045445066731, 0.9226809234887211, 5.263577124558438
1.606328002571876, 4.179637519672749, 0.9643470872068813, 5.24968771727849
1.6117825399356165, 4.185092048148025, 0.9479834498684316, 5.255142245338542
1.6430330550509897, 4.180628269464071, 1.0149482555486042, 5.161392752101752
1.6482957033461927, 4.185890909706355, 0.999158277697907, 5.166655392074471
1.653468121626848, 4.191063319895333, 0.9836410468791041, 5.171827801989156
1.62889183773711, 4.21733448469069, 0.9387257877829114, 5.215048119011464
1.6330585392508679, 4.188167844588444, 0.97622582870243, 5.202548145256121
1.6617476045516575, 4.1840700169013285, 1.0377017835071873, 5.116483104261981
1.6625534995181654, 4.1848759041023555, 1.0191528446240277, 5.133418023502308
1.6633471547665923, 4.185669551486005, 1.0008988863510115, 5.15008468651194
1.667253428852356, 4.1583258181710185, 1.0360551646732197, 5.138365952940602
1.674945752530944, 4.135248904096272, 1.074516722199344, 5.115289038620759
1.6825215385386647, 4.112521651485794, 1.1123955411229143, 5.0925617857148655
1.6795363933866467, 4.146849931631172, 1.0317984603387709, 5.141815438703053
1.6868893905040578, 4.124791157188017, 1.068563225521681, 5.119756663990929
1.6876139948409563, 4.125515754411303, 1.0518965294837912, 5.134974014535839
1.6883282848863657, 4.126230037260298, 1.0354679669025892, 5.149974011343351
1.6918494375019375, 4.101582168988837, 1.067158137070718, 5.13941064978141
1.6960160929294112, 4.10574881751816, 1.0546581297577233, 5.143577297970502
1.6967010202478279, 4.106433737810508, 1.0389047053818308, 5.157960848032338
1.697376700133123, 4.107109410590253, 1.023364174052565, 5.172150033933284
1.7040434104437152, 4.0871094475883964, 1.0566975548980797, 5.152150070557659
1.704701267395138, 4.087767297670064, 1.0415659426120714, 5.16596581496991
1.7053506221919494, 4.088416645521637, 1.0266308867773264, 5.179602175378164
1.7027865067229695, 4.117903804519708, 0.957400112344788, 5.2219098467141745
1.7065840088073239, 4.121701299159122, 0.9460077490602855, 5.225707340877154
1.7072090024520532, 4.122326285233115, 0.9316327514447682, 5.238832326447274
1.728814743161309, 4.11924066046676, 0.9779298575671683, 5.174018306199208
1.732472491123026, 4.122898401422111, 0.9669534665780818, 5.177676046756937
1.718014640765171, 4.138561025506407, 0.9380377935072941, 5.205386863182736
1.7007527381248562, 4.1570134006339625, 0.9064901865301479, 5.235743999757947
1.67722333997558, 4.162895759007304, 0.9064902097750666, 5.2533910635461565
1.6510605496882802, 4.171616681093704, 0.9035832429423473, 5.273739892127262
1.6711763964904798, 4.168744013569452, 0.9466876037638045, 5.213395959825807
1.6768573735449854, 4.151697710348534, 0.9750958599940879, 5.196349656239296
1.6605651745132979, 4.169113368322564, 0.9453205225801582, 5.2250012688707566
1.6522318727509084, 4.160780058530993, 0.9592094499364548, 5.227779069787149
1.6527813152917985, 4.16132949292456, 0.9465720867587971, 5.239317514743647
1.658216154856725, 4.145025194294538, 0.9737460630734388, 5.223013215701756
1.6614419216850853, 4.1482509532689145, 0.9640686108811779, 5.226238974257044
1.6486759424770574, 4.162080710434703, 0.9385366820504896, 5.250707028848097
1.6460443570782115, 4.191028063455169, 0.8727472130398973, 5.290180697166365
1.6465652242803623, 4.191548921751151, 0.8607680918761977, 5.301118221623194
1.6517199273227832, 4.1760850595517, 0.886541361827019, 5.285654358931434
1.6568219683998149, 4.160778929112707, 0.9120515751550491, 5.270348228009812
1.6744997038779, 4.158254635795444, 0.949931339091822, 5.217318883749804
1.6519986679211422, 4.165753591679339, 0.9474303105578025, 5.234817839221558
