3.8775509171039038, 5.714285646217329, 0.20408174142255592, 6.326530556596958
2.096938697724445, 3.9336734251301206, 0.42346954477165294, 5.545918334944803
2.9719387001804005, 3.808673428801663, 2.2984695445550267, 2.9209183395334493
2.9052720260109615, 4.575340087763571, 0.49846955813756966, 4.020918332817173
2.717772024826524, 4.387840086520544, 0.8109695589485549, 4.083418331759028
2.3177720244919433, 4.487840085904409, 0.8109695603306579, 4.383418331273667
1.9844386911039984, 4.571173418668039, 0.8109695617722149, 4.633418330802474
1.9130101212257278, 4.499744847658565, 1.02525527895495, 4.561989760015405
1.919260121061062, 4.5059948462543185, 0.8815052813694942, 4.693239758796961
1.8359267883396573, 4.4226615122849, 1.0203941721275354, 4.721017536086754
1.860926789461087, 4.247661512349508, 1.2453941733333582, 4.646017536281738
2.0200178272508156, 4.224934364562938, 1.586303387073631, 4.168744935831306
2.0616843698471765, 4.09993424005439, 1.7946365947069038, 4.04374481168861
2.0655305224892304, 4.1037803922789164, 1.7061750538717126, 4.124514041114562
2.1012448110200546, 3.9966375376686027, 1.8847464834100383, 4.0173711868601725
2.0045781423196143, 4.099970868483353, 1.708079813527712, 4.18737118458605
1.99207814312788, 4.24372086849422, 1.3705798140665972, 4.39362118482452
1.921489908679747, 4.320191456595076, 1.2294033445647004, 4.528915302527501
1.924267687029445, 4.322969234069751, 1.1655144567336948, 4.587248635705052
1.8847940047710448, 4.283495550711583, 1.231303932563575, 4.600406531459937
1.8872940240757, 4.285995564570008, 1.173803954264592, 4.652906546024988
1.8515797218149577, 4.250281261196861, 1.233327747370845, 4.664811290399175
1.862943374863471, 4.170735820131694, 1.3356004903925902, 4.630720395165727
1.85207379313819, 4.290301019936813, 1.0638613443935894, 4.7937638559226485
1.872907131547006, 4.227801023954871, 1.1680280166077373, 4.731263860034009
1.9429073003618464, 4.217801189693025, 1.3180281850270603, 4.521264026359088
1.914060991249127, 4.18895487788968, 1.366104951814141, 4.530879253490452
1.9159128453960335, 4.190806728957854, 1.323512360945457, 4.569768142077736
1.9248414212858616, 4.1283067310393715, 1.403869506949574, 4.542982430260832
1.883462110147701, 4.173134312815484, 1.3211108847013309, 4.6222927711094215
1.9001287908170377, 4.123134323964033, 1.4044442304235543, 4.572292782663732
1.8759352373572489, 4.098940767444541, 1.4447668037022834, 4.5803572910601655
1.86187274255089, 4.178628267039565, 1.2682043088360904, 4.691294791180409
1.8467212292576152, 4.1634767505725705, 1.3136588554569968, 4.676143275017895
1.8481918186814388, 4.164947336121821, 1.2798353269336566, 4.707025625598944
1.7910489649448995, 4.179233049200514, 1.2798353296606029, 4.749882767563312
1.7979934147260697, 4.130621940054143, 1.342335333736054, 4.729049436420062
1.7993447625145398, 4.131973284196331, 1.311254248156668, 4.757427807797235
1.7796079247432621, 4.1122364429286, 1.3441489879506756, 4.764006756179681
1.7667874182263914, 4.099415932941502, 1.3826105308416563, 4.751186246373653
1.7480374166584252, 4.080665927920959, 1.4138605270102849, 4.757436241512526
1.7492569295029816, 4.081885437161433, 1.38581174515125, 4.783045994791946
1.7373521819749655, 4.069980685649259, 1.4215260425136547, 4.771141243437012
1.7489801250702195, 4.035096995266009, 1.4796656085968352, 4.736257553302252
1.731934656099095, 4.018051520625779, 1.5080746795480102, 4.741939351611263
1.6874902054423941, 4.029162619741596, 1.508074667785373, 4.775272673126154
1.7255337465765173, 4.023727898729334, 1.5895964682128478, 4.6611423000291765
1.6829805094692811, 4.0343661441067145, 1.5895964143616998, 4.693057141554926
1.6892305259692422, 4.040616153764921, 1.5708464230313308, 4.699307151608268
1.695352979912531, 4.046738601041424, 1.5524790737773746, 4.705429599263706
1.6853530000469912, 4.03673861411446, 1.5824790855982762, 4.6954296127487
1.6863333783027836, 4.037718985623911, 1.5599300445938862, 4.716017827742833
1.6767180222118951, 4.028103622329031, 1.5887762183791143, 4.70640246482926
1.6823783940049297, 4.033763987134454, 1.571795072740521, 4.712062829998618
1.6453413510842272, 4.043023233180622, 1.5717950586461706, 4.739840594887342
1.6462504510419034, 4.043932325931606, 1.550885969121181, 4.758931506097772
1.655179075968436, 4.0171466575030035, 1.5955288706075075, 4.732145837992514
1.656056232105794, 4.0180238063673315, 1.5753533868601184, 4.750566846772172
1.6646769760780538, 3.992161784196964, 1.6184568798435714, 4.724704824905277
1.6731514571565158, 3.966737958963273, 1.6608296642655576, 4.699280999726184
1.681484792013907, 3.9417379592982424, 1.7024963305934881, 4.67428100011951
1.686402820049256, 3.9466559861602484, 1.6877422256907704, 4.679199027038013
1.6783383075237144, 3.9385914724470417, 1.7119357757902873, 4.671134513383807
1.6664335448939747, 3.9266867086128134, 1.731777042932941, 4.675102765477918
1.6547147962893576, 3.914967958785683, 1.7513082922716023, 4.679009015702578
1.647022492176935, 3.907275653444478, 1.7743852167888259, 4.671316710415252
1.616719458475663, 3.914851406309352, 1.7743852111826037, 4.694043978480608
1.6174657293947177, 3.9155976759105684, 1.7572210321858537, 4.709715621258384
1.6064363210004329, 3.904568266180516, 1.7756033862646687, 4.713392093920077
1.5738276236225492, 3.9154378282395967, 1.7719801938335795, 4.73875440963624
1.5673990507603817, 3.9518663967655563, 1.6912659046496228, 4.789468692470274
1.5610610824117623, 3.9877819408777215, 1.6116884894293728, 4.8394687436955905
1.5617555587128022, 3.9884764083882756, 1.595716288991362, 4.854052100135053
1.562440496860283, 3.9891613378511424, 1.5799628613427288, 4.868435659743829
1.5354134720231343, 3.9959180877563503, 1.579962853629654, 4.888705923149692
1.5360801511094684, 3.9965847578809806, 1.5646295232060141, 4.9027059265663215
1.517001188695187, 4.01697947114693, 1.5297610787870706, 4.936258534503142
1.5072609701992672, 4.007239243314631, 1.545994876840624, 4.939505319569289
1.5136712869459867, 3.9880085245836896, 1.5780462085719211, 4.920274600751704
1.5200004145798234, 3.969021186658252, 1.609691780477236, 4.901287262746782
1.5050003424291112, 3.9852711050728984, 1.5796916981010112, 4.93003718105852
1.5266053979240193, 3.9821848006031093, 1.625988109301982, 4.865222481531344
1.5272150679302428, 3.982794461118689, 1.6119636219142668, 4.8780272639915925
1.5127572256750303, 3.9984570913728343, 1.58304793805076, 4.905738086981043
1.498471516032567, 4.013933277147579, 1.5544765045556772, 4.933119034599071
1.4990597743577172, 4.0145215261006495, 1.540947106491599, 4.945471989348942
1.4996411754557428, 4.015102918019772, 1.5275750103368306, 4.957681288138129
1.5197562309674253, 4.012229465807357, 1.570678569489096, 4.8973365715578945
1.5203243163685771, 4.012797541897596, 1.55761028159513, 4.909268283987219
1.4978524074493476, 4.018415511026099, 1.5576102729134076, 4.926122208130149
1.489519107676311, 4.010082201208366, 1.5714991847477926, 4.928900009364945
1.4763322652095114, 4.024367876570923, 1.545125519477526, 4.954174695637556
1.4795931743841615, 4.027628775914185, 1.5353429407785024, 4.957435594897097
1.466689918200596, 4.0416072310031925, 1.5095364503438442, 4.982166738060971
1.4720091718253976, 4.025649878503128, 1.5361322895601233, 4.966209385455291
1.459377505056825, 4.0393339918990865, 1.510869035239208, 4.990419814527716
1.4598983617702412, 4.039854839277584, 1.4988898835443105, 5.001357328440715
1.4547437709913271, 4.034700238387318, 1.5143538400497714, 4.996202727412266
1.4552539445272077, 4.035210402416682, 1.502619106991171, 5.006916972925729
1.4476782152815921, 4.027634663108916, 1.5152453885578814, 5.009442243550139
1.44017822746774, 4.02013466489881, 1.5277453907939127, 5.011942245153929
