3.8775509171039038, 5.714285646217329, 0.20408174142255592, 6.326530556596958
2.5714285425519763, 4.408163271203188, 1.4379111121194525e-08, 5.020408181597973
2.577193112261704, 4.390869410153089, 0.02882334246226507, 5.003114320571167
2.56335535805122, 4.405854692590928, 0.0011612694553735342, 5.02962881807888
2.5662375805144477, 4.385678484286929, 0.027102267525824737, 5.020981824834094
2.543179054394334, 4.391442995089861, 0.027102506498035906, 5.038275550691569
2.5848456930598465, 4.099776300090072, 0.40210249370880147, 4.9132755223060585
2.5134171200936293, 4.028347726769387, 0.6163882150625992, 4.84184694893692
2.519667116880026, 4.034597723219892, 0.47263822286393165, 4.973096945296567
2.269667113362242, 4.117931050580297, 0.4448604815180887, 5.167541383361522
2.2946671083706294, 3.942931045045241, 0.6698604825852236, 5.09254137767024
2.453758123841511, 3.9202038778351613, 1.010769690053269, 4.615268756005657
2.4954246822604214, 3.7952037695810907, 1.2191029160012075, 4.490268647778542
2.499270834450594, 3.7990499217389235, 1.1306413771075872, 4.571037876855147
2.6242708588742913, 3.7811928035114315, 1.3984985445628815, 4.196037901627433
2.607604167095816, 3.9645261116966903, 0.9818318554870994, 4.446037876583313
2.595104166416619, 4.108276110711968, 0.6443318640920691, 4.652287875681914
2.5245159288525247, 4.184746696140687, 0.5031554053420532, 4.7875819905711
2.4828492613506583, 4.143080028118392, 0.5725998596497976, 4.801470878126732
2.377586099831497, 4.169395813351493, 0.5725998650927446, 4.8804182423074405
2.3800860983364784, 4.171895811181982, 0.5150998750369951, 4.932918240114608
2.3919908604156137, 4.088562477487276, 0.6222427401797607, 4.897203954000238
2.4147181328016543, 4.020380658575705, 0.7358791086592616, 4.829022135055919
2.403848560908019, 4.139945868662986, 0.4641399847361032, 4.992065605948783
2.4246818988857566, 4.077445872750522, 0.5683066662490623, 4.929565609970307
2.494681954371103, 4.067445927881039, 0.7183067280743177, 4.719565665128816
2.475451123968631, 4.048215097161209, 0.7759989794588898, 4.700334834436887
2.431006675741555, 4.096363241077658, 0.687110093238856, 4.785520015401825
2.4488638222695522, 4.042791815841395, 0.7763958158200345, 4.731948590178729
2.40748450618018, 4.087619395844725, 0.6936371954551619, 4.811258928801042
2.424151176750237, 4.037619399394845, 0.7769705371271323, 4.761258932351836
2.3999576240904124, 4.013425846397751, 0.8172931171730086, 4.76932344386234
2.3921451210874354, 4.099363342856903, 0.6219806219635712, 4.8865109402917675
2.3694178502536403, 4.076636071510288, 0.6598594182597801, 4.894086699210567
2.3708884364606746, 4.078106657172828, 0.6260358942963934, 4.924969049527135
2.3137455769421305, 4.092392368491531, 0.6260358987838416, 4.967826189360857
2.3206900233946497, 4.043781258881744, 0.6885359061876423, 4.946992857467471
2.322041371171319, 4.045132606123779, 0.6574548276471198, 4.975371231662437
2.3023045290805926, 4.025395763506601, 0.6903495698782263, 4.981950178439508
2.289484016585072, 4.012575250503798, 0.7288111132931175, 4.969129665361454
2.295734070852073, 3.968825302109807, 0.7850611901658523, 4.950379716493347
2.296953521604142, 3.9700447523936426, 0.7570123524770646, 4.97598941058878
2.285048816031224, 3.9581400441311505, 0.7927267164508108, 4.964084701811292
2.290862767778354, 3.917442365614475, 0.8450523141581066, 4.946642836716019
2.2738172997194273, 3.900396895184067, 0.8734614078884245, 4.952324638451172
2.223817287597135, 3.917063546887351, 0.8679058568688374, 4.991213511774352
2.2618611985074435, 3.9116291947427984, 0.9494280405603454, 4.877083507092999
2.213988420999896, 3.9275862018196848, 0.9441084668500908, 4.914317109509759
2.2035717711993317, 3.9171695494991843, 0.9753584941857816, 4.903900456810252
2.2096942127213954, 3.9232919884478976, 0.9569911512134038, 4.910022895368321
2.1996942195576716, 3.9132919927910876, 0.9869911679711811, 4.900022899338783
2.2006745980704983, 3.9142723686931875, 0.9644421458238651, 4.920611117956036
2.206443835622435, 3.9200416036315224, 0.9471344721226076, 4.926380352468431
2.197009880678164, 3.9106076461507793, 0.975436376599844, 4.916946394579689
2.1599728250906236, 3.9198668839758377, 0.9754363684559052, 4.944724150481724
2.160881920128002, 3.9207759760762544, 0.9545272929663601, 4.963815060285305
2.1698105214173333, 3.893990289074266, 0.9991701890691544, 4.937029372836265
2.1706876834531883, 3.8948674483920804, 0.9789947297447749, 4.9554503913047085
2.1793084036112456, 3.8690054075451488, 1.022098216773328, 4.9295883499911515
2.187782993554948, 3.8435816898907404, 1.0644711197659293, 4.904164631809901
2.196116321406083, 3.8185816822262075, 1.1061377872349314, 4.879164623653161
2.2010343329369926, 3.8234996913554324, 1.0913836750363082, 4.884082632237625
2.201840771645636, 3.824306127786654, 1.072835282562942, 4.901018100385492
2.170094732772533, 3.8322426262022056, 1.0728352824006826, 4.924827614141683
2.158376006379874, 3.820523897076713, 1.0923665631532151, 4.928733884391018
2.1506837038948197, 3.8128315920761944, 1.115443497291421, 4.921041578819691
2.1165927755959064, 3.8241952061518902, 1.1116556056344542, 4.947556707399232
2.1173390527168108, 3.824941480171223, 1.094491441877767, 4.963228353876007
2.1063096489060116, 3.8139120733589973, 1.1128738087319903, 4.966904828746565
2.102686424525998, 3.8537671068230175, 1.0222940708267394, 5.021252615184592
2.099114999356288, 3.893052821041766, 0.9330083720064065, 5.0748240429707545
2.092776975071582, 3.9289683139554166, 0.8534309275644116, 5.124824042140849
2.0858325729097467, 3.9220239080346992, 0.8742643178464615, 5.117879635472778
2.0865174819692323, 3.922708813227576, 0.858510886520488, 5.132263170013126
2.056112068653786, 3.932843936271976, 0.8551325160842271, 5.155911805760814
2.05677874341412, 3.933510606805826, 0.8397992075894298, 5.169911808788622
2.057436638414077, 3.934168497512054, 0.8246676466593043, 5.183727593358931
2.0639301921930064, 3.91468802134054, 0.8571352418509526, 5.1642471163479735
2.086366848656022, 3.9114836482933506, 0.9052129378883678, 5.096940178433253
2.108518716902636, 3.9083190574028954, 0.9526812733165764, 5.03048444767754
2.0935179199606253, 3.924568256913852, 0.9226804886628559, 5.0592336465611485
2.1151236631265253, 3.921482638710086, 0.9689776005958086, 4.994419632764433
2.115732625180405, 3.922091597563707, 0.9549524270497032, 5.007223713042407
2.101274782545665, 3.9377542333673237, 0.9260367652257365, 5.034934541054682
2.0869890697435145, 3.9532304215716523, 0.897465351669831, 5.062315490570512
2.060518487140815, 3.9620539526273566, 0.894524194297446, 5.082903726902563
2.0517975764167904, 3.953333037966551, 0.9090591100306171, 5.0858107186086885
2.071913380257593, 3.95046033219131, 0.9521634310032902, 5.025466747926955
2.06338978762816, 3.941936735995575, 0.9663671209423593, 5.028306787586758
2.049906618049339, 3.9565434501888412, 0.9394008164197851, 5.054149456293077
2.024906624415057, 3.964876785800643, 0.9366230560572356, 5.073593902461013
2.011719807473927, 3.9791624919679114, 0.9102494382350194, 5.09886861903253
2.0062850672112154, 3.9737277474550807, 0.9265538396636482, 5.09343387395379
2.0068226749136286, 3.974265350817483, 0.9141882335258409, 5.104724164893812
2.0254406483548317, 3.9716067241746766, 0.9540828137772626, 5.048874048353886
2.0043870566356867, 3.9768689177445693, 0.9540818637014724, 5.06466255720704
1.996574575364997, 3.9690564323312465, 0.9671027251325517, 5.067266737948921
1.9914199514554478, 3.963901804333589, 0.9825666665776857, 5.06211210944985
1.9919301291131952, 3.9644119778197697, 0.9708319554923861, 5.07282636404165
1.9843543846978102, 3.956836229261741, 0.9834582398801566, 5.075351625051552
1.9768543849033398, 3.94933622533402, 0.9959582481399173, 5.077851620582557
