3.8775509171039038, 5.714285646217329, 0.20408174142255592, 6.326530556596958
2.4622018746924175, 4.298936602507482, 2.7508195578785504e-08, 5.238861512700636
2.467966447178453, 4.281642744212608, 0.028823315735105583, 5.221567654303228
2.4449079325847354, 4.2874072665499305, 0.028823500635781794, 5.238861391586805
2.4477902116085897, 4.267231114820135, 0.054764348336998656, 5.230214454799544
2.439143268308904, 4.258584170867959, 0.06917594150143788, 5.233096725788395
2.1058098832899823, 4.341917451267739, 0.06917599906784194, 5.483096672704633
2.0343813057994096, 4.270488871361694, 0.28346174885654585, 5.411668092523947
1.940631301668783, 4.176738863458681, 0.4397117774124835, 5.4429180841187055
1.9684090750889272, 3.9822944135748335, 0.68971177821849, 5.359584745133326
1.9934090749514357, 3.807294412633196, 0.9147117804018731, 5.2845847439627995
2.15250004653, 3.7845672011471625, 1.255620935068848, 4.807312077703483
2.194166659972086, 3.659567147262002, 1.4639542141742865, 4.682312023617475
2.2172435842767637, 3.6826440706471484, 1.3947234458701852, 4.705388946714538
2.342243599427885, 3.6647869429957893, 1.6625806030002444, 4.330388961992727
2.2455769148116778, 3.7681202577582487, 1.4859139171229296, 4.50038894353286
2.2330769088597577, 3.9118702514400385, 1.148413912119587, 4.706638937209488
2.1624886740297398, 3.988340839590084, 1.0072374437256209, 4.841933054743796
2.1208220082416647, 3.946674173272919, 1.0766818902211062, 4.855821943943412
2.0155588500437966, 3.972989961745547, 1.0766818910007616, 4.934769311311248
2.0180588505605743, 3.975489961539203, 1.0191818929506529, 4.98726931103566
1.9823445886643956, 3.9397756953777003, 1.0787057322858233, 4.99917409203103
1.9937082047205454, 3.860230219779909, 1.1809784398678143, 4.965083161784273
1.9828386364989599, 3.9797954332904433, 0.9092393087339758, 5.128126636045643
2.0036720088442888, 3.9172954682182906, 1.01340602258337, 5.065626670357982
2.073672139220837, 3.907295596480852, 1.1634061556295874, 4.855626798442552
2.0448258491041233, 3.8784493028179, 1.211482945284574, 4.865242042893355
2.046677672135501, 3.8803011251739004, 1.1688903246243483, 4.904130902207257
2.0645348397021936, 3.8267297194880516, 1.2581760646483604, 4.850559496283935
2.023155505065496, 3.8715572806908494, 1.175417420359745, 4.929869816017056
2.0398221988656644, 3.821557305902045, 1.2587507817469823, 4.8798698409591665
2.0156286432876644, 3.7973637483528955, 1.2990733554776503, 4.887934347628961
2.0015661468112835, 3.8770512480658974, 1.122510863725481, 4.998871846785001
1.9864146580799915, 3.8618997551468133, 1.1679654393045942, 4.983720353265959
1.9878852384397414, 3.8633703311611276, 1.1341419068455054, 5.0146026933113035
1.9307423795318397, 3.8776560389678774, 1.1341419092574974, 5.0574598290091375
1.9376868358831365, 3.829044935940152, 1.1966419233106582, 5.036626503131104
1.9390381459645596, 3.83039624520712, 1.1655608015691605, 5.065004839283257
1.9193013446720142, 3.8106594396956766, 1.1984555813525142, 5.071583822487889
1.9064808258854922, 3.7978389178409797, 1.236917114654222, 5.058763300089665
1.8877308208027304, 3.7790889098691323, 1.2681671097505265, 5.065013291591934
1.8889503382771144, 3.780308423795641, 1.240118335287809, 5.0906230487457265
1.8770455782706164, 3.7684036610387457, 1.2758326229136114, 5.07871828547171
1.88867349389664, 3.7335199463002295, 1.3339721657726413, 5.043834570239067
1.8716280291801064, 3.716474479096868, 1.362381245426155, 5.049516375252268
1.8271835822059233, 3.7275855848840096, 1.3623812415900955, 5.082849702729008
1.8652275935742924, 3.7221513305321277, 1.443903509766975, 4.968719795377271
1.8226738807155243, 3.7327891038706618, 1.4439029857762127, 5.000634163955698
1.8289238903843164, 3.739039110376329, 1.425152993091226, 5.006884169952722
1.8187198311154138, 3.72883504710348, 1.4557652568265862, 4.996680106044432
1.8087198420307264, 3.718835053588431, 1.4857652632680154, 4.986680111835552
1.8097002161257967, 3.719815423817927, 1.4632162220674472, 5.007268324570491
1.8000848604054625, 3.7102000635154444, 1.4920624000656306, 4.997652963528286
1.8057452287802491, 3.715860427635875, 1.4750812549053622, 5.003313326956863
1.7687081833149905, 3.725119674132118, 1.4750812423699888, 5.0310910913043205
1.7696172781968293, 3.7260287649157666, 1.4541721518844877, 5.05018199961553
1.7785459048993328, 3.699243100870751, 1.4988150589930134, 5.023396334729151
1.7794230582058166, 3.7001202497504995, 1.4786395764109324, 5.041817342492886
1.7880438031333457, 3.6742582310243663, 1.5217430740922395, 5.015955322855153
1.7965183909301181, 3.6488345087195495, 1.5641159601048509, 4.990531599596644
1.8048517340802626, 3.623834513642158, 1.6057826288220298, 4.965531603541069
1.809769735940915, 3.6287525107587775, 1.5910284923023896, 4.970449599703862
1.8017052407839684, 3.6206880107242063, 1.615222053729497, 4.962385098698161
1.789800393816673, 3.608783162929509, 1.6350632371019835, 4.9663532666094055
1.7780816450344379, 3.597064413301371, 1.6545944868234659, 4.970259516808174
1.7703893408057734, 3.5893721082141052, 1.6776714117682463, 4.962567211546861
1.740086306714018, 3.596947861079633, 1.6776714063436615, 4.985294479387315
1.728892280901234, 3.585753834323901, 1.6963281250721665, 4.9890258255831235
1.717862870429627, 3.5747244228935373, 1.7147104774986626, 4.992702296317831
1.685254172739618, 3.5855939850341447, 1.7110872852016443, 5.018064611890706
1.664539886788732, 3.6077368408416, 1.6732301403520875, 5.054493181791014
1.6582019151850205, 3.6436523838585173, 1.5936527235760594, 5.104493230737685
1.6588963901383216, 3.644346852192823, 1.5776805234929083, 5.119076586804936
1.6595813269490252, 3.645031782467359, 1.561927096196994, 5.133460146051842
1.6325543008832935, 3.651788533326746, 1.561927088984421, 5.153730409253652
1.6332209785799767, 3.6524552042263503, 1.546593758888569, 5.167730412304129
1.6141420146186862, 3.672849918006532, 1.5117253145842238, 5.201283019738257
1.6044017949321432, 3.663109691178208, 1.527959113203344, 5.204529804694028
1.6268377794433426, 3.6599046485710898, 1.5760361215442495, 5.137222197745317
1.6331668746868657, 3.6409172807596657, 1.6076816626770023, 5.118234828706991
1.6181668015207034, 3.657167200446935, 1.5776815807567508, 5.146984747234275
1.6397718559799972, 3.6540808954413184, 1.623977991247707, 5.082170046943898
1.640381525092969, 3.6546905574703175, 1.609953504514675, 5.09497482980468
1.6259236818406835, 3.67035318902706, 1.5810378211359801, 5.1226856530345515
1.6116379713455873, 3.6858293761445173, 1.5524663882082774, 5.150066600979572
1.6122262287504945, 3.686417626368138, 1.5389369906430805, 5.162419555983767
1.6128076289394018, 3.686999019499432, 1.5255648949499006, 5.174628854990018
1.632922683294114, 3.684125566619428, 1.5686684532651989, 5.114284137519974
1.6334907677800679, 3.684693644048682, 1.5556001659095064, 5.126215850238872
1.611018857676496, 3.6903116142586923, 1.5556001575174256, 5.143069774425486
1.588796642751646, 3.695867169465611, 1.5556001561606914, 5.159736439651789
1.575609821715385, 3.7101528684075507, 1.529226514051871, 5.18501114853383
1.5788707293579591, 3.7134137684000494, 1.5194439355760416, 5.188272047451459
1.5659674718561054, 3.7273922242090425, 1.493637445478678, 5.213003190451324
1.5845846353660034, 3.7247327903309997, 1.5335312029856787, 5.1571522669948315
1.571952926856675, 3.7384168639368016, 1.5082679082432742, 5.181362655435975
1.5724737828989315, 3.738937712591898, 1.496288757199315, 5.192300169783527
1.5673191908414421, 3.733783112589131, 1.5117527139072335, 5.1871455687395125
1.5678293632486402, 3.7342932774809405, 1.5000179810740786, 5.197859814262878
1.5602536326519676, 3.7267175389650453, 1.512644262755182, 5.200385084786631
1.552753643315715, 3.7192175414661373, 1.525144265001026, 5.202885086187347
