3.8775509171039038, 5.714285646217329, 0.20408174142255592, 6.326530556596958
2.047140546284342, 4.539235274005712, 6.897541764672978e-09, 5.413624184330374
2.0673172469885905, 4.536353540245072, 0.043235692799289044, 5.353096375219215
2.070198852640658, 4.516176712239716, 0.06917601015444763, 5.3444487621509404
2.0615518719618224, 4.507529727981943, 0.08358768937741728, 5.347330992821709
2.0529049143206293, 4.498882766687835, 0.09799935831189066, 5.350213246445539
1.9695715069593014, 4.415549356572435, 0.3479993161872199, 5.266879836248524
2.0052857902153223, 4.165549353013731, 0.6694278907383572, 5.159736975462699
1.7552857890327398, 4.228049350501937, 0.6694278936820375, 5.347236972858455
1.8108413463458801, 4.061382684385233, 0.9472056749634329, 5.180570306640237
1.610841345944879, 4.111382682250788, 0.9472056759760915, 5.330570304378301
1.4790231641773663, 4.252291771139672, 0.7062965884020436, 5.562388484038273
1.5206898336073502, 4.127291772009298, 0.9146299258783704, 5.437388484764815
1.366843679461344, 4.16575330771059, 0.9146299265679515, 5.552773097226336
1.38827225253172, 4.18718187835857, 0.8503442155405758, 5.574201667710013
1.4216056162850317, 4.087181896824054, 1.0170109148693192, 5.474201685280196
1.4528556216321509, 3.9934318919953378, 1.1732609182500657, 5.3804516796122535
1.4087379529626052, 3.949314220933417, 1.2467903074287414, 5.395157537756426
1.3670712878043105, 3.907647553432029, 1.3162347520232462, 5.4090464256026
1.3039134155916747, 3.976068615169689, 1.1899189801074856, 5.530099065174334
1.3064134276765853, 3.978568613942652, 1.1324189888785225, 5.58259906276974
1.3183181746994597, 3.895235263103824, 1.239561829931719, 5.546884759289074
1.3296818387408118, 3.8156898264154773, 1.3418345784794168, 5.512793866963069
1.2970731441198664, 3.7830811225294787, 1.3961823985560373, 5.523663422907431
1.265823149429502, 3.7518311191024662, 1.4482657297576882, 5.534080085161412
1.2178231663527737, 3.8038311203318744, 1.3522657355250545, 5.62608008474348
1.1985924036783895, 3.784600347697981, 1.4099580417898374, 5.6068493110866715
1.1911850030632993, 3.8697855246697808, 1.2099580411573365, 5.7290715235923235
1.1929707341976246, 3.8715712412030103, 1.1688866232540729, 5.766571524330665
1.1240052267507252, 3.8888126139805927, 1.1688866253059051, 5.818295654190816
1.1340052432349554, 3.8988126145402076, 1.1388866351386369, 5.828295653233661
1.1904570796599407, 3.8907483104312615, 1.2598545939861134, 5.6589410254954995
1.167019377045378, 3.867310592839988, 1.2989168816863697, 5.666753306535031
1.1821708994942826, 3.8218560445772076, 1.3746744571351346, 5.6212987573027755
1.1895238425888852, 3.770385448575519, 1.4408509214383796, 5.599239925013968
1.1909524141557162, 3.771814010119557, 1.4079937706855887, 5.6292399140733265
1.1701190918268474, 3.7509806777535823, 1.4427159953434832, 5.636184358427286
1.1836326325430868, 3.710440153475167, 1.5102835797665886, 5.595643832942735
1.2296857429193686, 3.7038616680490835, 1.6089682508137746, 5.457486398366204
1.2360955629285746, 3.65898942227079, 1.6666601051114351, 5.438255176596906
1.2235955762725508, 3.6464894204360694, 1.7041600999787696, 5.425755173081033
1.2053029010157608, 3.6281967293819224, 1.7346478927903484, 5.43185272417654
1.157683857992064, 3.6401014788803523, 1.7346478766354525, 5.467566995723083
1.1646606271958715, 3.647078231294852, 1.713717648971435, 5.474543746382288
1.1192060868146094, 3.658441854804697, 1.713717632966345, 5.508634640863688
1.120317215825443, 3.6595529662133393, 1.688162075094399, 5.531967972731067
1.1257520399192813, 3.6215095111235445, 1.7370751379052911, 5.515663646148851
1.121496687363079, 3.6704456329458863, 1.6221814713673721, 5.585876362160699
1.1058717299413088, 3.654820657986739, 1.6482231613002338, 5.591084718717455
1.1068921417695479, 3.6558410531866072, 1.6247537593159398, 5.612513275427342
1.1078921528610004, 3.656841048382495, 1.601753753697235, 5.633513268915648
1.093186297658052, 3.6421351757432485, 1.6262635660072766, 5.638415237545051
1.0835709437526668, 3.6325198031543975, 1.6551097299256998, 5.628799862977683
1.0845143328010973, 3.633463174567274, 1.6334115904523263, 5.648611157021188
1.116921811997761, 3.6288336131283843, 1.7028561024853055, 5.551389002608859
1.1260127230684747, 3.601560869266165, 1.7483106271709663, 5.524116256719997
1.1170841478133218, 3.5926322751967357, 1.7750963141038791, 5.515187660620806
1.096031497230068, 3.6154392547407745, 1.7329910093034704, 5.555538497833871
1.0925832221371419, 3.655094410804203, 1.6398875431616302, 5.612435031443895
1.0798714064053103, 3.642382576139291, 1.6610740115308604, 5.616672347374668
1.0465380743757238, 3.6507158911124344, 1.6610739912538535, 5.641672327091216
1.0514561378631502, 3.655633935013785, 1.646319902362031, 5.64659036906473
1.0393593843661741, 3.64353716108918, 1.666481190881805, 5.650622625392787
1.0076133542436436, 3.6514736494630546, 1.6664811693753325, 5.674432127657812
0.9888633592977064, 3.6717861340666493, 1.6289811529078646, 5.7103696104071275
0.9773249440317389, 3.6602476964949844, 1.6482119445952086, 5.714215786204663
0.9780825242335243, 3.661005255230292, 1.6307876840115254, 5.730124858127466
0.98554528924116, 3.63861725082511, 1.6681011700881476, 5.707736851552846
0.9745158573173494, 3.62758779560258, 1.6864834771826789, 5.711413276507376
0.9817623021779651, 3.6058487092140763, 1.7227154019888233, 5.6896741878235035
0.9746194391243094, 3.598705821933412, 1.744143939563861, 5.682531298248319
0.9640560658346058, 3.5881424239718602, 1.7617495516217776, 5.686052405001297
0.9536394222410403, 3.577725755129228, 1.7791106561266368, 5.689524622674902
0.9372010573275528, 3.5955339401377984, 1.7462339060243868, 5.721031435499669
0.9209848608078008, 3.613101501735579, 1.713801464791059, 5.7521125083337274
0.9443183091057809, 3.60976827829127, 1.7638015738868242, 5.682112617774543
0.9252392723241349, 3.630162899923916, 1.7289330344991047, 5.715665131943994
0.9226418766623017, 3.6600330126532743, 1.6588031456692751, 5.758522255624391
0.945077906516013, 3.656828011785497, 1.7068801955370303, 5.6912146902272305
0.9425461503239486, 3.685941802470848, 1.638525630645935, 5.7329867068646845
0.9275461743582764, 3.7021918039897135, 1.6085256316480216, 5.761736706552943
0.9127313712402838, 3.7182411769047996, 1.578895992281906, 5.790131756775481
0.9188290405006317, 3.6999485773301566, 1.6093838799458127, 5.771839155185001
0.9134072591278423, 3.7306713563634015, 1.541311478854402, 5.814610125562532
0.9140025354776182, 3.7312666139472963, 1.5276210229849103, 5.827110143541677
0.9198849803273269, 3.71361962433971, 1.5570328573453744, 5.809463152074297
0.9256989645710204, 3.6961777707348595, 1.586102631513574, 5.792021296474488
0.9458139629458998, 3.6933042583843605, 1.6292061304441703, 5.731676519343077
0.951495770020266, 3.676258767732592, 1.6576151835390898, 5.71463102657798
0.9571137740062629, 3.659404836390184, 1.6857050700545553, 5.697777093065365
0.9626693552639759, 3.6427381701403276, 1.7134828452273603, 5.6811104246003055
0.981900169944215, 3.639990957987515, 1.754691676253216, 5.623418157080813
0.9846175173015403, 3.620969150471808, 1.7791481251191226, 5.6152659126111715
0.9690260689325052, 3.6376357421808216, 1.7506534227866788, 5.642685190379366
0.987643237393861, 3.6349763100888985, 1.79054718125711, 5.586834268514508
0.9823800248713659, 3.6297130729848575, 1.8063365707180374, 5.581571029323314
0.9615466657005453, 3.634921355236458, 1.8063365147458255, 5.597195976165521
0.9538147567767749, 3.6271894205314728, 1.8192231315572331, 5.599773317695345
0.9517739075806187, 3.650658750099516, 1.7641210286306521, 5.633446726828083
0.9396527291812486, 3.6637900711416234, 1.7398786089266298, 5.656679055903655
0.9421528266251976, 3.646290142072382, 1.762378675867139, 5.649179124666371
