3.8775509171039038, 5.714285646217329, 0.20408174142255592, 6.326530556596958
2.047140546284342, 4.539235274005712, 6.897541764672978e-09, 5.413624184330374
2.0673172469885905, 4.536353540245072, 0.043235692799289044, 5.353096375219215
2.0730811740146846, 4.5190590335589365, 0.0720583248914207, 5.335801868432005
2.073657516460625, 4.519635372591929, 0.058799929484889345, 5.347907422406022
2.0505990049057505, 4.5253998951861725, 0.05880016242584329, 5.365201159935601
1.9672656118985299, 4.4420664992704015, 0.30880014148609286, 5.2818677639419445
2.002979894770765, 4.19206649536072, 0.6302287160088468, 5.1747249028129
1.7529798934668153, 4.254566492855629, 0.6302287188591319, 5.362224900228229
1.9474244247246333, 4.22678879724741, 1.0468954783590356, 4.778891649410142
1.7474243397869715, 4.276788710927065, 1.0468953943740207, 4.92889156313382
1.724697066623026, 4.526788705401425, 0.47871360115662626, 5.269800648523282
1.8705305349093144, 4.505955499737611, 0.7912137543519872, 4.832300776921434
1.8897611664470573, 4.371339976319291, 0.9642905414036956, 4.774608330536176
1.8933325944618384, 4.3749114031312, 0.8821476861495696, 4.849608328867783
1.909999262163952, 4.2582447365301075, 1.0321476883811207, 4.7996083290025755
1.9412492641732189, 4.164494737572537, 1.1883976908916067, 4.70585833013288
1.8971316162263636, 4.120377088619626, 1.2619271018439593, 4.720564210664388
1.886020503852605, 4.248154864020542, 0.9619271023182443, 4.903897541658409
1.8754941880893738, 4.369207494210413, 0.6777165811962396, 5.077581750810631
1.8779941887395124, 4.371707493406016, 0.6202165881326054, 5.130081750003474
1.8898989517893876, 4.288374159943955, 0.7273594506518039, 5.094367464145432
1.9012625878365936, 4.2088287039657315, 0.8296321804745381, 5.060276553596299
1.912132184520042, 4.1327417730506095, 0.9274583103820625, 5.027667883345024
1.8808821799960105, 4.101491762602093, 0.979541648112223, 5.038084539302384
1.8728821516655219, 4.19349173300418, 0.76354162354376, 5.170084509636897
1.8536514209915287, 4.174260995182225, 0.8212339869837353, 5.150853771447126
1.8092069380415663, 4.222409103401697, 0.7323450636434591, 5.2360389166260655
1.8109926531977172, 4.224194817107929, 0.6912736406263396, 5.273538915956246
1.7420271354599772, 4.241436194314522, 0.6912736446693245, 5.3252630516854405
1.7520271366111304, 4.2514361938562075, 0.6612736508833904, 5.335263051127615
1.8084791192867493, 4.243372039701727, 0.7822417815164718, 5.165908574127053
1.8631665920990617, 4.23555950622978, 0.899429266035831, 5.001846040669473
1.8707420503182957, 4.182528897889121, 0.9676107937746964, 4.979118462607781
1.8780949917217091, 4.1310583044490965, 1.0337872709266445, 4.9570596338146276
1.8795235542380677, 4.132486861235561, 1.0009301269382385, 4.987059619058646
1.886468011433273, 4.0838757577719065, 1.0634301450485169, 4.966226293232095
1.8999815473586168, 4.043335234028808, 1.1309977391993358, 4.925685769334637
1.946034368439364, 4.036756473268461, 1.2296821402183213, 4.78752806126813
1.9524443987772053, 3.991884449919465, 1.2873742219711857, 4.768297063597818
1.9599443973402026, 3.999384445895715, 1.2648742210255566, 4.77579705961079
1.941651714573152, 3.9810917606661818, 1.2953620260530663, 4.781894618299297
1.8880802847019318, 3.998948899186385, 1.2894096436249625, 4.823561280623126
1.8601733203388036, 4.029181464955612, 1.2335957032375455, 4.877049660293699
1.8147187799015942, 4.040545101434947, 1.2335957086170053, 4.911140569423444
1.7880520821485855, 4.069433958062163, 1.180262344487602, 4.962251648247515
1.7934869077919615, 4.031390518633526, 1.2291754312501302, 4.94594733914009
1.7892315801586811, 4.080326674372262, 1.1142818089215702, 5.016160090419794
1.794439952721284, 4.043868374004617, 1.1611568503020142, 5.000535123136804
1.7954603519790355, 4.044888766277145, 1.1376874567679032, 5.021963678356574
1.7964603506061654, 4.045888758442283, 1.1146874589647355, 5.042963670191265
1.801362333412435, 4.01157504889691, 1.1588051303125413, 5.028257803434638
1.7869392446734047, 3.997151954277164, 1.1828435814639027, 5.033065477687832
1.7595807478378105, 4.026397223797076, 1.1328435780499029, 5.081178671290297
1.791988507341823, 4.021767942020761, 1.2022883753038554, 4.983956796748781
1.8010790729712978, 3.9944948677176724, 1.2477425772881567, 4.956683722298564
1.7921504920038813, 3.9855662832606535, 1.2745282816080636, 4.947755137702036
1.7842557632709142, 4.0303031265436475, 1.1754054845363109, 5.010035840323171
1.7808074832268828, 4.069958288687824, 1.082302036073454, 5.066932381478171
1.7850448255989684, 4.040297319088115, 1.1204376869832646, 5.054220564047146
1.7808781105359155, 4.086130597554568, 1.0162709781692292, 5.116720508808202
1.7857961708532608, 4.091048651593587, 1.0015169139515185, 5.121638562482849
1.8140226499546968, 4.0870170592730215, 1.062001463339909, 5.036961808592707
1.8179902643888841, 4.059238635508334, 1.0977151139173267, 5.025056400410196
1.8148652163343864, 4.095176081371845, 1.0133400724428578, 5.0766188459756805
1.8187114087119634, 4.068253037411408, 1.0479555007398718, 5.065080417100764
1.819468965846887, 4.069010588793273, 1.0305312455383764, 5.080989483301233
1.8455890973397182, 4.0652799676189355, 1.0865021284802032, 5.002631996199356
1.8492648829671943, 4.039543982576683, 1.119589682764834, 4.991601893244275
1.8528880610574134, 4.014181648318928, 1.1521983707505505, 4.9807323123580565
1.8571737708168696, 4.018467352463684, 1.1393412266882004, 4.985018016222568
1.8466103877496358, 4.007903964139544, 1.1569468602441093, 4.988539134662718
1.8299437141873638, 4.025959506368508, 1.1236135238536793, 5.020483565428321
1.8272039717175288, 4.0574663336049115, 1.0496409099993005, 5.06568902247474
1.8238255960165743, 4.094628492239945, 0.9651814617523876, 5.116364694247505
1.8471596596159545, 4.0912958833783915, 1.0151821988547738, 5.046365418455761
1.847816847880119, 4.091953066020248, 1.0000499205520137, 5.060180495557475
1.8452194312502914, 4.121823175661293, 0.929920046644372, 5.103037617861575
1.8676561127280247, 4.118618825600866, 0.9779977623398183, 5.035730703480164
1.8651236869058003, 4.147731963252415, 0.909642563105807, 5.077502068730437
1.8501236977455728, 4.163981967625988, 0.8796425867303505, 5.106252072829746
1.8254323493079636, 4.17015481001938, 0.8796426088111613, 5.124770593946857
1.8315299667815554, 4.151862177296515, 0.9101304809255633, 5.106477960948799
1.8261082092738414, 4.182584991059933, 0.842058135891872, 5.149248967159132
1.808846315565678, 4.20103737562637, 0.8105105446017632, 5.17960611328096
1.8294355154329185, 4.1980971562556375, 0.8546291714274842, 5.117842364237705
1.8352485742184634, 4.180654394614112, 0.8836980563041292, 5.100399602367776
1.8553643659655816, 4.177781674050223, 0.9268023648692958, 5.0400556172939766
1.8610453305328327, 4.160735360159746, 0.9552106110128755, 5.02300930327962
1.8638542977903836, 4.141072411761966, 0.9804914962234061, 5.0145823098020825
1.8694098736866311, 4.124405760144187, 1.008269301128066, 4.997915658054573
1.8886416003918307, 4.121659458646695, 1.049479056778207, 4.940224301557997
1.8913580343775045, 4.102636756621637, 1.0739346267824956, 4.932071164686623
1.8757665724604198, 4.119303354059506, 1.0454399447325344, 4.959490450221152
1.8784262121551853, 4.1006863924783925, 1.0693761856225077, 4.951511786416386
1.8836894060219544, 4.084896949081594, 1.0956920159992871, 4.935722342922649
1.8816059721308265, 4.108855176718983, 1.039441921383347, 4.970097237117482
1.8821214618686786, 4.109370661346002, 1.0275862833598348, 4.980921999969565
1.8800806268494756, 4.132840024874535, 0.972484232312965, 5.014595444975156
1.8780604293983958, 4.156072346777066, 0.9179387932636758, 5.047928776793906
1.8805604923040096, 4.138572404088208, 0.9404388658346885, 5.040428833913925
